#	Transition	Frequency(Mhz)	Eup(K)	Aij	FitFreq.(Mhz)	deltaFitFreq.	Vo(km/s)	Int(K)	RMS(mK)	Flux(K.km/s)	NoiseFlux(K.km/s)	Freq.I_Max(km/s)	V.I_Max(km/s)	Telescope
1	E-CH3OH(13 4   1 _ 12 4   1)	626555.283	566.0675	1.00e-03	626588.384	33.101	0.000	1.040	290.405	8.050	1.205	626588.384	-15.838	hifi
1	A-CH3OH(3 2 - 0 _ 2 1 - 0)	626626.230	51.6382	1.23e-03	626659.386	33.156	-0.243	1.427	277.068	12.694	1.534	626659.386	-15.863	hifi
1	E-CH3OH(13 -4   1 _ 12 -4   1)	626945.909	608.1566	1.01e-03	626976.394	30.485	0.000	0.808	267.915	2.202	0.472	626976.394	-14.577	hifi
1	CH3OCH3(13 7 6 3 _ 12 6 7 3)	627019.500	151.6958	1.02e-03	627055.896	36.396	3.559	0.809	233.960	4.871	0.696	627055.896	-17.402	hifi
1	E-CH3OH(13 -1   0 _ 12 -1   0)	627170.486	208.6351	1.11e-03	627201.400	30.914	-1.219	0.928	142.573	4.633	0.514	627201.400	-14.777	hifi
1	A-CH3OH(13 4 + 1 _ 12 4 + 1)	627445.456	691.8060	1.02e-03	627481.907	36.451	1.474	0.349	111.977	1.117	0.202	627481.907	-17.416	hifi
1	E-CH3OH(13 5   1 _ 12 5   1)	627529.174	631.9706	9.55e-04	627558.909	29.735	0.000	0.332	88.986	1.112	0.121	627558.909	-14.205	hifi
1	A-CH3OH(13 0 + 0 _ 12 0 + 0)	627558.416	211.0277	1.12e-03	627592.910	34.494	0.641	1.023	88.962	5.155	0.536	627592.910	-16.478	hifi
1	E-CH3OH(13 -11   0 _ 12 -11   0)	627571.983	816.4833	3.19e-04	627606.410	34.427	0.000	0.348	93.792	0.998	0.150	627606.410	-16.446	hifi
1	E-CH3OH(13 10   0 _ 12 10   0)	627647.528	698.6801	4.59e-04	627681.912	34.384	2.124	0.282	85.712	0.914	0.170	627681.912	-16.423	hifi
1	A-CH3OH(13 10 + 0 _ 12 10 + 0)	627695.287	717.3407	4.57e-04	627726.913	31.626	-0.731	0.373	89.254	0.999	0.150	627726.913	-15.105	hifi
1	E-CH3OH(13 -10   0 _ 12 -10   0)	627747.038	712.9836	4.62e-04	627783.414	36.376	1.693	0.271	77.962	0.669	0.114	627783.414	-17.372	hifi
1	E-CH3OH(13 9   0 _ 12 9   0)	627809.570	611.9648	5.83e-04	627842.416	32.846	-1.214	0.403	72.630	1.225	0.154	627842.416	-15.685	hifi
1	A-CH3OH(13 9 - 0 _ 12 9 - 0)	627898.212	629.2935	5.89e-04	627929.918	31.706	-0.540	0.346	86.844	1.063	0.147	627929.918	-15.138	hifi
1	E-CH3OH(13 -8   0 _ 12 -8   0)	627922.120	524.6226	6.96e-04	627956.919	34.799	0.782	0.421	86.883	1.392	0.175	627956.919	-16.614	hifi
1	A-CH3OH(13 8 + 0 _ 12 8 + 0)	627971.251	532.0232	7.01e-04	628004.920	33.669	-0.501	0.542	90.882	1.635	0.203	628004.920	-16.074	hifi
1	E-CH3OH(13 8   0 _ 12 8   0)	628021.220	538.2829	7.02e-04	628054.421	33.201	0.000	0.490	83.313	1.823	0.195	628054.421	-15.849	hifi
1	A-CH3OH(13 2 - 0 _ 12 2 - 0)	628051.891	248.8369	1.10e-03	628083.922	32.031	3.384	0.686	85.422	5.046	0.531	628083.922	-15.290	hifi
1	E-CH3OH(13 -7   0 _ 12 -7   0)	628115.595	463.4156	8.01e-04	628150.924	35.329	1.103	0.636	82.362	2.324	0.265	628150.924	-16.862	hifi
1	E-CH3OH(13 6   0 _ 12 6   0)	628167.747	382.0228	8.83e-04	628201.925	34.178	0.000	0.438	81.990	1.895	0.212	628201.925	-16.311	hifi
1	A-CH3OH(13 6 - 0 _ 12 6 - 0)	628187.893	404.8372	8.86e-04	628222.926	35.033	0.000	0.508	82.720	1.804	0.206	628222.926	-16.719	hifi
1	E-CH3OH(13 5   0 _ 12 5   0)	628251.353	339.3163	9.58e-04	628286.427	35.074	3.441	0.572	82.109	4.587	0.494	628286.427	-16.737	hifi
1	A-CH3OH(13 5 + 0 _ 12 5 + 0)	628338.263	349.0539	9.62e-04	628368.929	30.666	3.485	0.723	81.798	8.802	0.904	628368.929	-14.631	hifi
1	E-CH3OH(13 4   0 _ 12 4   0)	628408.904	299.2779	1.02e-03	628443.431	34.527	0.690	0.705	82.520	3.675	0.392	628443.431	-16.472	hifi
1	A-CH3OH(13 3 + 0 _ 12 3 + 0)	628469.880	260.9889	1.06e-03	628502.433	32.553	0.000	0.763	84.082	4.076	0.421	628502.433	-15.528	hifi
1	A-CH3OH(13 4 + 0 _ 12 4 + 0)	628513.345	291.5293	1.02e-03	628546.434	33.089	-2.278	0.905	77.542	8.138	0.831	628546.434	-15.783	hifi
1	CH3OCH3(10 8 3 3 _ 9 7 2 3)	628662.015	140.0023	1.40e-03	628697.438	35.423	0.491	0.808	82.190	4.072	0.427	628697.438	-16.892	hifi
1	E-CH3OH(13 1   0 _ 12 1   0)	628696.377	224.3926	1.14e-03	628731.438	35.061	1.173	0.771	77.723	4.363	0.454	628731.438	-16.719	hifi
1	E-CH3OH(13 3   0 _ 12 3   0)	628816.118	251.0606	1.07e-03	628849.941	33.823	0.514	0.777	85.941	3.413	0.363	628849.941	-16.126	hifi
1	A-CH3OH(13 2 + 0 _ 12 2 + 0)	628869.046	248.9840	1.11e-03	628903.943	34.897	0.828	0.789	82.396	4.045	0.425	628903.943	-16.636	hifi
1	A-CH3OH(3 2 + 0 _ 2 1 + 0)	629140.353	51.6380	1.25e-03	629172.950	32.597	0.295	1.488	73.583	8.737	0.882	629172.950	-15.533	hifi
1	E-CH3OH(13 2   0 _ 12 2   0)	629321.662	225.7117	1.09e-03	629354.954	33.292	0.404	0.892	75.549	5.273	0.543	629354.954	-15.860	hifi
1	E-CH3OH(17 1   1 _ 16 0   1)	629364.788	637.5679	7.14e-04	629397.955	33.167	0.432	0.373	70.249	1.112	0.138	629397.955	-15.799	hifi
1	E-CH3OH(13 -2   0 _ 12 -2   0)	629651.786	229.4008	1.10e-03	629683.963	32.177	-0.233	0.744	66.393	3.736	0.388	629683.963	-15.320	hifi
1	CH3OCHO(16 16 1 4 _ 15 15 1 4)	629904.068	438.7649	6.17e-04	629933.969	29.901	0.000	0.244	61.640	0.394	0.044	629933.969	-14.231	hifi
1	A-CH3OH(7 1 + 0 _ 6 0 + 0)	629921.348	78.9723	7.77e-04	629952.469	31.121	-0.408	1.383	61.235	9.267	0.933	629952.469	-14.811	hifi
1	E-CH3OH(7 -1   1 _ 8 -2   1)	630580.259	470.3163	2.68e-04	630614.486	34.227	0.518	0.433	57.255	1.512	0.173	630614.486	-16.272	hifi
1	A-CH3OH(10 6 + 0 _ 11 5 + 0)	630951.212	321.3401	1.72e-04	630984.496	33.284	-0.021	0.624	67.686	2.764	0.295	630984.496	-15.814	hifi
1	CS-33, v=0,1(13 0 _ 12 0)	631280.345	212.1326	5.41e-03	631312.004	31.659	-0.025	0.302	60.893	1.477	0.174	631312.004	-15.035	hifi
1	*C-13-H3OH, vt=0,1(14 1 13 0 _ 13 2 11 0)	631358.463	258.9103	4.79e-04	631391.006	32.543	1.200	0.232	55.815	0.532	0.077	631391.006	-15.453	hifi
1	C2H5OH(8 8 0 1 _ 7 7 0 0)	631461.492	170.2077	1.57e-03	631492.508	31.016	-0.104	0.224	65.401	0.385	0.066	631492.508	-14.725	hifi
1	p-H2-13CO(9 0 9 _ 8 0 8)	631564.941	152.3682	7.53e-03	631600.511	35.570	0.341	0.264	63.514	0.698	0.095	631600.511	-16.885	hifi
1	o-H2CO(9 1 9 _ 8 1 8)	631702.813	148.4344	7.45e-03	631736.515	33.702	0.397	0.958	62.309	6.058	0.615	631736.515	-15.994	hifi
1	OCS, v=0(52 _ 51)	631743.012	803.9152	7.43e-04	631775.516	32.504	0.929	0.249	58.575	0.676	0.090	631775.516	-15.425	hifi
1	*C-13-H3OH, vt=0,1(7 4 3 0 _ 8 3 5 0)	632191.564	159.8535	2.34e-04	632220.527	28.963	-1.890	0.289	66.562	1.058	0.144	632220.527	-13.735	hifi
1	E-CH3OH(21 -9   0 _ 22 -8   0)	632505.591	930.2105	2.85e-04	632538.035	32.444	-0.111	0.470	69.239	1.950	0.217	632538.035	-15.378	hifi
1	S-34-O(15 15 _ 14 14)	632647.840	256.1361	3.34e-03	632680.539	32.699	0.368	0.284	52.293	0.452	0.067	632680.539	-15.495	hifi
1	*C-13-H3OH, vt=0,1(8 3 5 -0 _ 7 2 6 -0)	632771.456	131.5962	1.10e-03	632803.042	31.586	-0.432	0.525	69.842	2.216	0.243	632803.042	-14.965	hifi
1	c-C3D(13 7 6 12.5 11.5 _ 12 7 5 11.5 10.5)	633217.186	253.2300	3.53e-03	633250.053	32.867	0.000	0.188	53.017	0.179	0.035	633250.053	-15.561	hifi
1	S-34-O(15 16 _ 14 15)	633293.153	247.7859	3.37e-03	633324.055	30.902	-0.147	0.213	44.044	0.549	0.076	633324.055	-14.629	hifi
1	A-CH3OH(13 1 - 0 _ 12 1 - 0)	633423.063	227.4769	1.14e-03	633455.558	32.495	-0.167	0.929	60.056	5.298	0.540	633455.558	-15.380	hifi
1	E-CH3OH(4 -2   1 _ 5 -3   1)	633572.015	379.8707	1.69e-03	633605.562	33.547	0.310	0.565	58.008	3.380	0.353	633605.562	-15.874	hifi
1	CH3OCHO(19 15 4 2 _ 18 14 4 2)	633908.208	261.2972	5.02e-04	633943.571	35.363	0.000	0.161	43.790	0.243	0.036	633943.571	-16.724	hifi
1	CH3OCHO(19 15 4 0 _ 18 14 5 0)	633960.431	261.3022	5.02e-04	633991.572	31.141	0.666	0.212	42.427	1.121	0.135	633991.572	-14.726	hifi
1	HNC, v=0(7 0 0 _ 6 0 0)	634510.826	121.8193	1.29e-02	634547.086	36.260	2.353	0.452	40.444	3.023	0.313	634547.086	-17.132	hifi
1	E-CH3OH(11 -2   0 _ 10 1   0)	634689.555	171.2938	1.09e-05	634722.590	33.035	0.114	0.338	35.264	1.563	0.165	634722.590	-15.604	hifi
1	A-CH3OH(27 2 - 0 _ 27 1 + 0)	634760.837	912.6778	1.29e-03	634792.592	31.755	-1.389	0.199	40.119	0.786	0.094	634792.592	-14.998	hifi
1	A-CH3OH(26 4 + 0 _ 26 3 - 0)	635391.526	894.4843	1.66e-03	635425.108	33.582	0.038	0.227	35.651	0.802	0.094	635425.108	-15.845	hifi
1	A-CH3OH(25 4 + 0 _ 25 3 - 0)	635670.282	834.2166	1.64e-03	635701.615	31.333	-0.271	0.217	34.308	0.924	0.103	635701.615	-14.777	hifi
1	A-CH3OH(24 4 + 0 _ 24 3 - 0)	635872.135	776.2617	1.63e-03	635901.120	28.985	-1.932	0.162	38.169	0.742	0.092	635901.120	-13.666	hifi
1	E-CH3OH(24 -3   0 _ 23 -4   0)	635944.833	750.4590	5.25e-04	635977.122	32.289	-2.970	0.193	34.539	1.192	0.137	635977.122	-15.222	hifi
1	E-CH3OH(22 -2   0 _ 21 3   0)	635978.473	606.5916	6.42e-05	636010.123	31.650	-0.500	0.156	35.591	0.255	0.042	636010.123	-14.919	hifi
1	A-CH3OH(23 4 + 0 _ 23 3 - 0)	636012.307	720.6189	1.61e-03	636045.124	32.817	-0.455	0.235	44.530	0.739	0.095	636045.124	-15.469	hifi
1	A-CH3OH(10 4 + 0 _ 10 3 - 0)	636248.019	207.9931	1.36e-03	636282.130	34.111	0.000	0.646	47.139	14.060	1.410	636282.130	-16.073	hifi
1	A-CH3OH(9 4 - 0 _ 9 3 + 0)	636291.079	184.7874	1.32e-03	636325.131	34.052	0.000	0.636	45.449	1.935	0.194	636325.131	-16.044	hifi
1	A-CH3OH(13 4 - 0 _ 13 3 + 0)	636341.727	291.5295	1.45e-03	636375.132	33.405	0.000	0.638	45.063	3.509	0.352	636375.132	-15.738	hifi
1	A-CH3OH(5 4 - 0 _ 5 3 + 0)	636393.785	115.1620	9.03e-04	636428.134	34.349	0.000	0.765	44.776	5.204	0.523	636428.134	-16.181	hifi
1	A-CH3OH(4 4 - 0 _ 4 3 + 0)	636419.979	103.5566	6.01e-04	636453.634	33.655	0.000	0.679	45.205	4.491	0.456	636453.634	-15.854	hifi
1	CH3OCH3(20 5 16 1 _ 19 4 15 1)	636470.740	226.5813	6.35e-04	636504.136	33.396	0.690	0.342	46.076	1.316	0.146	636504.136	-15.730	hifi
1	C2H5OH(17 7 10 2 _ 16 6 11 2)	636653.635	190.0475	1.49e-03	636685.640	32.005	-0.166	0.139	40.051	0.232	0.042	636685.640	-15.071	hifi
1	A-CH3OH(16 4 - 0 _ 16 3 + 0)	636677.681	395.9314	1.51e-03	636712.641	34.960	0.483	0.485	39.770	2.448	0.253	636712.641	-16.462	hifi
1	A-CH3OH(17 4 - 0 _ 17 3 + 0)	636887.026	435.3657	1.53e-03	636919.646	32.620	-0.715	0.501	47.511	2.817	0.293	636919.646	-15.355	hifi
1	t-HCOOH(29 1 28 _ 28 1 27)	636951.971	474.1738	2.97e-03	636987.148	35.177	0.523	0.295	36.332	1.178	0.128	636987.148	-16.557	hifi
1	A-CH3OH(12 4 - 1 _ 13 5 - 1)	637039.671	661.6921	1.18e-03	637071.150	31.479	-0.552	0.362	40.887	1.903	0.200	637071.150	-14.814	hifi
1	A-CH3OH(18 4 - 0 _ 18 3 + 0)	637161.380	477.1183	1.54e-03	637196.653	35.273	0.899	0.443	40.180	2.088	0.218	637196.653	-16.596	hifi
1	A-CH3OH(19 4 - 0 _ 19 3 + 0)	637512.110	521.1866	1.56e-03	637546.662	34.552	0.472	0.433	35.860	1.963	0.204	637546.662	-16.248	hifi
1	*C-13-H3OH, vt=0,1(11 5 7 +0 _ 12 4 8 +0)	637684.016	288.0473	2.96e-04	637715.666	31.650	-0.380	0.228	37.798	0.798	0.094	637715.666	-14.880	hifi
1	C2H5OH(21 8 13 0 _ 20 7 13 1)	637903.123	326.9863	8.23e-04	637935.672	32.549	-0.435	0.154	31.826	0.394	0.053	637935.672	-15.297	hifi
1	A-CH3OH(20 4 - 0 _ 20 3 + 0)	637951.650	567.5698	1.58e-03	637985.173	33.523	0.190	0.392	32.108	1.675	0.174	637985.173	-15.753	hifi
1	E-CH3OH(10 0   0 _ 9 -1   0)	638279.651	132.7051	8.34e-04	638313.181	33.530	0.192	0.897	51.097	5.080	0.515	638313.181	-15.749	hifi
1	A-CH3OH(21 4 - 0 _ 21 3 + 0)	638493.500	616.2687	1.60e-03	638528.687	35.187	0.000	0.340	55.535	1.351	0.137	638528.687	-16.521	hifi
1	A-CH3OH(8 3 + 0 _ 7 2 + 0)	638523.509	133.3614	1.13e-03	638557.188	33.679	0.133	1.339	58.001	7.456	0.752	638557.188	-15.812	hifi
1	S-33-O(15 15 13.5 _ 14 14 13.5)	638757.625	258.4619	2.54e-05	638792.694	35.069	0.000	0.141	43.885	0.263	0.049	638792.694	-16.459	hifi
1	A-CH3OH(8 3 - 0 _ 7 2 - 0)	638817.824	133.3625	1.13e-03	638850.695	32.871	-0.280	1.213	43.115	6.863	0.690	638850.695	-15.426	hifi
1	CH3OCH3, v=0(35 2 34 3 _ 34 1 33 3)	638957.559	565.0897	1.96e-03	638989.699	32.140	-0.934	0.126	35.704	0.382	0.058	638989.699	-15.080	hifi
1	A-CH3OH(22 4 - 0 _ 22 3 + 0)	639152.204	667.2810	1.62e-03	639185.703	33.499	0.571	0.254	33.776	1.049	0.118	639185.703	-15.713	hifi
1	HNCO(29 1 28 28 _ 28 1 27 28)	639368.995	503.6832	4.72e-06	639399.709	30.714	-0.767	0.143	35.206	0.249	0.039	639399.709	-14.401	hifi
1	SO2, v=0(15 4 12 _ 14 3 11)	639650.990	149.6842	1.35e-03	639682.216	31.226	-1.216	0.142	31.159	0.524	0.070	639682.216	-14.635	hifi
1	H2CNH(10 7 4 _ 9 7 3)	639778.748	554.2573	1.33e-03	639814.219	35.471	1.563	0.163	35.436	0.544	0.066	639814.219	-16.621	hifi
1	A-CH3OH(23 4 - 0 _ 23 3 + 0)	639943.321	720.6075	1.64e-03	639976.224	32.903	-0.323	0.212	37.990	0.935	0.108	639976.224	-15.414	hifi
1	*C-13-H3OH, vt=0,1(10 1 9 0 _ 9 0 9 0)	640167.384	145.6599	7.12e-04	640199.729	32.345	-0.346	0.288	36.165	1.108	0.121	640199.729	-15.147	hifi
1	*C-13-H3OH, vt=0,1(14 4 10 +0 _ 14 3 11 -0)	640304.744	318.5776	1.49e-03	640339.233	34.489	0.000	0.236	37.200	2.697	0.281	640339.233	-16.148	hifi
1	*C-13-H3OH, vt=0,1(11 4 7 +0 _ 11 3 8 -0)	640351.860	230.2712	1.42e-03	640380.734	28.874	0.000	0.135	37.213	0.262	0.028	640380.734	-13.518	hifi
1	*C-13-H3OH, vt=0,1(10 4 6 +0 _ 10 3 7 -0)	640376.804	205.3611	1.39e-03	640406.734	29.930	0.000	0.228	36.951	0.284	0.029	640406.734	-14.012	hifi
1	*C-13-H3OH, vt=0,1(10 4 6 +0 _ 10 3 7 -0)	640376.804	205.3611	1.39e-03	640413.235	36.431	0.000	0.245	36.907	0.757	0.078	640413.235	-17.055	hifi
1	*C-13-H3OH, vt=0,1(9 4 5 +0 _ 9 3 6 -0)	640404.935	182.7145	1.35e-03	640436.735	31.800	-0.673	0.314	36.539	0.968	0.100	640436.735	-14.887	hifi
1	*C-13-H3OH, vt=0,1(8 4 4 +0 _ 8 3 5 -0)	640435.179	162.3325	1.29e-03	640466.736	31.557	0.000	0.203	36.586	0.755	0.077	640466.736	-14.772	hifi
1	*C-13-H3OH, vt=0,1(6 4 3 -0 _ 6 3 4 +0)	640498.504	128.3600	1.10e-03	640532.238	33.734	0.000	0.346	37.459	3.579	0.364	640532.238	-15.789	hifi
1	*C-13-H3OH, vt=0,1(5 4 2 -0 _ 5 3 3 +0)	640526.784	114.7705	9.22e-04	640562.738	35.954	0.000	0.276	36.986	1.228	0.128	640562.738	-16.828	hifi
1	*C-13-H3OH, vt=0,1(4 4 1 -0 _ 4 3 2 +0)	640552.780	103.4456	6.14e-04	640585.739	32.959	-0.539	0.308	37.043	1.264	0.137	640585.739	-15.426	hifi
1	*C-13-H3OH, vt=0,1(15 4 12 -0 _ 15 3 13 +0)	640583.612	352.5378	1.51e-03	640617.740	34.128	0.351	0.149	36.860	0.516	0.071	640617.740	-15.972	hifi
1	*C-13-H3OH, vt=0,1(16 4 13 -0 _ 16 3 14 +0)	640711.521	388.7598	1.53e-03	640746.243	34.722	0.322	0.128	30.686	0.386	0.054	640746.243	-16.247	hifi
1	A-CH3OH(24 4 - 0 _ 24 3 + 0)	640883.368	776.2461	1.67e-03	640917.747	34.379	-0.138	0.223	40.455	1.122	0.127	640917.747	-16.082	hifi
1	*C-13-H3OH, vt=0,1(18 4 15 -0 _ 18 3 16 +0)	641119.577	467.9849	1.57e-03	641150.753	31.176	-0.444	0.139	24.263	0.396	0.049	641150.753	-14.578	hifi
1	CH3OCH3(20 5 15 1 _ 19 4 16 1)	641363.889	226.6022	6.46e-04	641395.260	31.371	-0.635	0.345	29.161	1.429	0.149	641395.260	-14.664	hifi
1	H2CS(19 1 19 _ 18 1 18)	641437.278	321.3032	4.06e-03	641470.261	32.983	0.035	0.344	41.441	1.685	0.180	641470.261	-15.416	hifi
1	E-CH3OH(24 -1   0 _ 23 -2   0)	641584.010	691.0112	1.43e-04	641617.265	33.255	0.655	0.169	28.032	0.541	0.066	641617.265	-15.539	hifi
1	A-CH3OH(25 4 - 0 _ 25 3 + 0)	641989.757	834.1962	1.69e-03	642024.275	34.518	0.568	0.221	28.671	1.129	0.122	642024.275	-16.119	hifi
1	*C-13-H3OH, vt=0,1(13 2 11 0 _ 12 1 11 0)	642837.643	228.6092	7.45e-04	642871.797	34.154	1.313	0.255	29.573	1.753	0.184	642871.797	-15.928	hifi
1	CH3CN, v=0(35 5 _ 34 5)	642963.998	734.2802	2.30e-02	642997.300	33.302	0.118	0.114	29.982	0.229	0.037	642997.300	-15.528	hifi
1	CH3CN, v=0(35 4 _ 34 4)	643074.051	670.1106	2.32e-02	643105.803	31.752	0.451	0.136	34.218	0.289	0.045	643105.803	-14.802	hifi
1	CH3OCHO(22 14 9 0 _ 21 13 8 0)	643098.563	279.2423	4.29e-04	643129.303	30.740	-0.162	0.145	38.052	0.441	0.067	643129.303	-14.330	hifi
1	CH3CN, v=0(35 3 _ 34 3)	643159.694	620.1858	2.33e-02	643192.305	32.611	1.606	0.161	44.002	0.769	0.112	643192.305	-15.201	hifi
1	CH3CN, v=0(35 0 _ 34 0)	643269.867	555.9772	2.35e-02	643305.308	35.441	0.794	0.393	35.447	2.990	0.307	643305.308	-16.517	hifi
1	H2S-34(4 4 1 _ 4 3 2)	643590.281	280.7172	5.43e-04	643620.816	30.535	-0.326	0.110	24.533	0.125	0.027	643620.816	-14.224	hifi
1	CH3OCH3(17 6 12 1 _ 16 5 11 1)	643643.778	189.9252	6.38e-04	643678.317	34.539	0.035	0.391	34.358	1.933	0.200	643678.317	-16.088	hifi
1	CH3OCH3(17 6 11 1 _ 16 5 12 1)	643696.875	189.9253	6.38e-04	643730.319	33.444	0.601	0.433	28.719	2.094	0.214	643730.319	-15.576	hifi
1	OCS, v=0(53 _ 52)	643862.930	834.8161	7.87e-04	643892.323	29.393	-1.881	0.121	31.911	0.386	0.053	643892.323	-13.686	hifi
1	SO, v=0(15 14 _ 14 13)	644378.918	254.1527	3.53e-03	644412.836	33.918	9.408	0.472	25.050	7.480	0.753	644412.836	-15.780	hifi
1	CH3OCH3, v=0(36 1 36 5 _ 35 0 35 5)	644670.917	577.5626	2.42e-03	644701.343	30.426	0.261	0.129	25.973	0.499	0.061	644701.343	-14.149	hifi
1	A-CH3OH(27 4 - 0 _ 27 3 + 0)	644775.155	957.0271	1.75e-03	644807.346	32.191	-0.743	0.145	30.609	0.512	0.066	644807.346	-14.967	hifi
1	CH3OCHO(55 7 49 1 _ 54 7 48 1)	644947.288	932.3439	4.02e-03	644979.850	32.562	-0.539	0.085	23.729	0.139	0.025	644979.850	-15.136	hifi
1	SO, v=0(15 15 _ 14 14)	645254.933	260.9396	3.55e-03	645287.858	32.925	0.688	0.454	28.806	3.561	0.361	645287.858	-15.297	hifi
1	SO, v=0(15 16 _ 14 15)	645875.924	252.6029	3.58e-03	645909.374	33.450	0.184	0.476	28.239	2.944	0.299	645909.374	-15.526	hifi
1	CH3OCH3(14 7 7 3 _ 13 6 8 3)	645927.590	164.4407	1.06e-03	645963.375	35.785	0.559	0.623	31.002	3.791	0.383	645963.375	-16.609	hifi
1	CH3OCH3(22 4 18 1 _ 21 3 19 1)	646090.875	254.0363	4.17e-04	646123.879	33.004	-0.114	0.234	24.834	1.048	0.111	646123.879	-15.314	hifi
1	CH3OCHO(20 15 5 2 _ 19 14 5 2)	646168.376	273.0869	5.06e-04	646200.381	32.005	-0.535	0.137	22.175	0.426	0.050	646200.381	-14.849	hifi
1	CH3OCHO(20 15 5 0 _ 19 14 6 0)	646216.997	273.0917	5.07e-04	646251.383	34.386	1.386	0.174	20.195	1.005	0.106	646251.383	-15.952	hifi
1	CH3OCHO(32 10 23 0 _ 31 9 22 0)	646234.369	379.6661	2.20e-04	646265.883	31.514	-0.542	0.089	20.294	0.166	0.025	646265.883	-14.620	hifi
1	*C-13-H3OH, vt=0,1(19 2 17 +0 _ 18 3 16 +0)	646439.820	468.2402	5.76e-04	646471.888	32.068	0.193	0.112	22.810	0.195	0.031	646471.888	-14.872	hifi
1	DCl(2 3.5 _ 1 2.5)	646492.200	46.5431	1.53e-03	646525.890	33.690	-0.618	0.124	25.090	0.354	0.049	646525.890	-15.623	hifi
1	C2H5OH(12 7 6 1 _ 11 6 6 0)	646743.898	186.6569	1.09e-03	646778.896	34.998	0.299	0.102	25.992	0.211	0.026	646778.896	-16.223	hifi
1	CH3OCH3, v=0(30 4 27 0 _ 29 3 26 0)	646762.458	446.9188	8.52e-04	646794.396	31.938	0.596	0.172	27.363	0.674	0.076	646794.396	-14.804	hifi
1	p-H2CO(9 0 9 _ 8 0 8)	647081.735	156.1757	8.09e-03	647116.905	35.170	1.251	0.743	28.950	5.500	0.553	647116.905	-16.294	hifi
1	CH3OCH3(21 3 18 1 _ 20 2 19 1)	647199.667	225.7007	1.58e-04	647229.907	30.240	-1.218	0.214	15.933	1.060	0.109	647229.907	-14.008	hifi
1	CH2DOH(4 2 3 2 _ 4 1 3 0)	647242.432	56.9045	2.07e-04	647273.409	30.977	0.723	0.108	17.907	0.504	0.057	647273.409	-14.348	hifi
1	E-CH3OH(12 -8   0 _ 13 -7   0)	647403.756	494.4868	1.40e-04	647436.913	33.157	-0.069	0.244	22.463	1.291	0.134	647436.913	-15.354	hifi
1	Ga-n-C3H7OH(23 23 1 _ 22 22 1)	647430.689	368.4041	1.34e-03	647464.413	33.724	0.000	0.071	22.297	0.094	0.016	647464.413	-15.616	hifi
1	CH3OCH3, v=0(35 2 33 5 _ 34 3 32 5)	647447.598	581.6459	1.60e-03	647477.914	30.316	-0.196	0.106	25.929	0.402	0.053	647477.914	-14.037	hifi
1	CH3OCH3(11 8 3 3 _ 10 7 4 3)	647612.441	150.0115	1.42e-03	647647.918	35.477	0.042	0.678	33.419	4.476	0.452	647647.918	-16.423	hifi
1	E-CH3OH(7 -3   0 _ 8 0   0)	647862.360	119.8087	6.65e-07	647896.924	34.564	0.073	0.110	19.988	0.288	0.036	647896.924	-15.994	hifi
1	CH3OCHO(27 12 15 0 _ 26 11 16 0)	648074.515	318.8348	3.19e-04	648109.930	35.415	0.374	0.162	33.932	0.602	0.075	648109.930	-16.382	hifi
1	CH3OCHO(20 15 5 5 _ 19 14 5 5)	648520.626	461.6025	5.12e-04	648552.441	31.815	-0.067	0.096	24.121	0.229	0.031	648552.441	-14.707	hifi
1	NH2(2 1 1 0 22 0.5 _ 2 0 2 0 17 1.5)	648704.120	120.4850	2.01e-03	648741.446	37.326	-0.105	0.137	43.572	0.283	0.045	648741.446	-17.250	hifi
1	NH2(2 1 1 0 4 3.5 _ 2 0 2 0 4 3.5)	648784.228	120.4887	2.98e-03	648815.948	31.720	-0.663	0.169	23.713	0.713	0.078	648815.948	-14.657	hifi
1	H2CS(19 0 19 _ 18 0 18)	648841.399	312.2620	4.21e-03	648875.449	34.050	0.420	0.138	31.115	0.570	0.070	648875.449	-15.733	hifi
1	CH3OCHO(27 12 15 5 _ 26 11 15 5)	648914.633	505.6471	3.19e-04	648947.951	33.318	-0.115	0.094	24.051	0.175	0.029	648947.951	-15.393	hifi
1	CH3OCHO(18 16 2 2 _ 17 15 2 2)	649172.773	270.6497	6.06e-04	649206.958	34.185	0.619	0.122	20.943	0.378	0.045	649206.958	-15.787	hifi
1	CH3OCHO(18 16 3 0 _ 17 15 2 0)	649226.715	270.6578	6.06e-04	649259.959	33.244	0.073	0.235	30.822	0.813	0.090	649259.959	-15.351	hifi
1	E-CH3OH(14 1   0 _ 13 2   0)	649540.259	256.8852	5.19e-04	649575.967	35.708	0.686	0.630	36.192	3.731	0.378	649575.967	-16.481	hifi
1	*C-13-H3OH, vt=0,1(18 0 18 0 _ 17 1 16 0)	649895.922	398.7944	7.07e-04	649931.476	35.554	0.127	0.140	21.075	0.583	0.065	649931.476	-16.401	hifi
1	o-NH2D(2 0 2 1 _ 1 0 1 1)	649916.436	47.1625	6.67e-05	649950.476	34.040	0.307	0.117	22.506	0.345	0.041	649950.476	-15.702	hifi
1	o-H2S(4 4 1 _ 4 3 2)	650374.186	261.7380	5.57e-04	650405.488	31.302	0.916	0.432	26.850	3.186	0.323	650405.488	-14.429	hifi
1	A-CH3OH(28 1 + 0 _ 27 2 + 0)	651028.207	946.3162	7.17e-04	651062.005	33.798	0.377	0.106	21.140	0.417	0.052	651062.005	-15.563	hifi
1	SO2, v=0(10 5 5 _ 9 4 6)	651299.915	111.8959	2.09e-03	651333.511	33.596	0.486	0.185	21.948	1.036	0.110	651333.511	-15.464	hifi
1	NO(6 1 6.5 7.5 _ 6 -1 5.5 6.5)	651433.086	115.4164	3.74e-05	651466.015	32.929	0.370	0.198	25.966	0.795	0.087	651466.015	-15.154	hifi
1	*C-13-H3OH, vt=0,1(19 0 19 +0 _ 18 1 18 +0)	651492.519	429.5159	1.74e-03	651528.016	35.497	0.482	0.249	24.297	1.036	0.109	651528.016	-16.335	hifi
1	H2CS(19 2 18 _ 18 2 17)	651527.841	365.6000	4.22e-03	651562.517	34.676	0.204	0.128	22.694	0.379	0.046	651562.517	-15.956	hifi
1	DCN, v=0(9 0 0 _ 8 0 0)	651565.972	156.3707	1.36e-02	651600.518	34.546	2.670	0.158	25.751	0.786	0.088	651600.518	-15.895	hifi
1	E-CH3OH(10 1   0 _ 9 0   0)	651617.346	140.8327	7.50e-04	651652.520	35.174	0.339	0.938	26.279	5.542	0.556	651652.520	-16.182	hifi
1	E-CH3OH(14 5   1 _ 15 4   1)	651640.819	664.4072	2.12e-04	651673.520	32.701	0.000	0.188	26.312	0.690	0.069	651673.520	-15.044	hifi
1	NO(6 -1 6.5 7.5 _ 6 1 5.5 6.5)	651771.451	115.5386	3.74e-05	651803.523	32.072	0.082	0.188	24.133	0.921	0.099	651803.523	-14.752	hifi
1	H2CS(19 5 15 _ 18 5 14)	651811.650	641.4901	3.98e-03	651844.024	32.374	-1.216	0.109	24.826	0.354	0.046	651844.024	-14.890	hifi
1	CH3OCHO(25 13 13 0 _ 24 12 12 0)	651918.929	303.9218	3.73e-04	651953.527	34.598	0.865	0.172	21.062	0.734	0.079	651953.527	-15.910	hifi
1	H2CS(19 4 15 _ 18 4 14)	652076.229	523.4682	4.09e-03	652110.031	33.802	0.364	0.099	21.967	0.170	0.024	652110.031	-15.541	hifi
1	N2H+, v=0; alternative(7 _ 6)	652095.570	125.1938	1.87e-02	652128.032	32.462	-0.732	0.849	20.333	4.328	0.434	652128.032	-14.924	hifi
1	H2CS(19 3 17 _ 18 3 16)	652360.582	431.5736	4.17e-03	652393.038	32.456	-0.859	0.202	23.935	0.857	0.092	652393.038	-14.915	hifi
1	H2CS(19 3 16 _ 18 3 15)	652467.470	431.5925	4.18e-03	652500.041	32.571	-0.196	0.181	22.227	1.061	0.113	652500.041	-14.966	hifi
1	S-34-O2(16 4 12 _ 15 3 13)	652652.865	162.8982	1.36e-03	652687.046	34.181	0.663	0.084	18.154	0.152	0.022	652687.046	-15.701	hifi
1	CH3OCHO(24 8 16 2 _ 23 6 17 2)	652946.458	220.3803	1.60e-05	652980.553	34.095	-0.835	0.080	17.651	0.209	0.030	652980.553	-15.654	hifi
1	*C-13-H3OH, vt=0,1(17 -1 17 0 _ 16 0 16 0)	653042.576	351.4452	1.37e-03	653077.056	34.480	0.206	0.257	22.735	1.028	0.108	653077.056	-15.829	hifi
1	E-CH3OH(30 -3   0 _ 30 -2   0)	653137.088	1132.3510	1.12e-03	653171.558	34.470	0.437	0.105	20.379	0.318	0.039	653171.558	-15.822	hifi
1	CH3OCH3(21 5 17 1 _ 20 4 16 1)	653246.650	245.7677	6.65e-04	653278.561	31.911	-0.402	0.361	32.452	1.485	0.155	653278.561	-14.645	hifi
1	C2H5OH(12 9 3 2 _ 11 8 4 2)	653844.295	167.0689	2.43e-03	653877.076	32.781	-1.100	0.155	28.176	0.548	0.067	653877.076	-15.030	hifi
1	p-H2CO(9 2 8 _ 8 2 7)	653970.155	204.2267	7.95e-03	654004.079	33.924	-0.281	0.630	44.096	4.341	0.443	654004.079	-15.551	hifi
1	S-34-O2(11 5 7 _ 10 4 6)	654069.881	119.7751	1.99e-03	654103.082	33.201	0.409	0.097	24.426	0.155	0.029	654103.082	-15.217	hifi
1	C2H5OH(15 8 7 2 _ 14 7 8 2)	654137.548	181.0704	1.89e-03	654173.083	35.535	0.409	0.117	26.510	0.332	0.045	654173.083	-16.286	hifi
1	E-CH3OH(6 3   1 _ 5 2   1)	654341.859	458.1350	2.48e-04	654374.589	32.730	-0.302	0.330	28.908	1.584	0.165	654374.589	-14.995	hifi
1	*C-13-H3OH, vt=0,1(14 1 14 +0 _ 13 1 13 +0)	654419.987	250.2664	1.27e-03	654453.091	33.104	-0.443	0.321	34.051	1.685	0.176	654453.091	-15.165	hifi
1	c-C3D(13 5 8 13.5 12.5 _ 12 5 7 12.5 11.5)	654463.753	236.2715	4.64e-03	654499.592	35.839	1.513	0.136	34.191	0.556	0.072	654499.592	-16.417	hifi
1	H2CS(19 2 17 _ 18 2 16)	654831.934	366.4430	4.28e-03	654869.101	37.167	0.431	0.176	18.540	0.816	0.086	654869.101	-17.016	hifi
1	o-H2CO(9 5 4 _ 8 5 3)	655212.126	436.0767	5.82e-03	655248.111	35.985	0.618	0.415	23.723	2.156	0.219	655248.111	-16.465	hifi
1	CH3OCHO(23 14 9 2 _ 22 13 9 2)	655271.531	292.8172	4.36e-04	655305.612	34.081	0.049	0.128	24.398	0.298	0.040	655305.612	-15.592	hifi
1	CH3OCH3, v=0(31 4 28 0 _ 30 3 27 0)	655315.307	475.1306	9.30e-04	655345.613	30.306	0.047	0.204	31.667	1.270	0.137	655345.613	-13.864	hifi
1	A-CH3OH(6 6 - 1 _ 7 5 - 1)	655490.467	516.8280	3.79e-05	655524.118	33.651	0.058	0.100	29.068	0.232	0.035	655524.118	-15.390	hifi
1	p-H2CO(9 4 5 _ 8 4 4)	655643.676	345.6028	6.77e-03	655677.622	33.946	0.798	0.518	24.298	3.132	0.316	655677.622	-15.522	hifi
1	Ethylene oxide(13 13 0 _ 12 12 1)	655809.198	218.6614	5.18e-03	655843.126	33.928	0.589	0.159	23.344	0.566	0.065	655843.126	-15.510	hifi
1	A-CH3OH(13 9 + 1 _ 12 8 + 1)	655940.314	894.3770	1.82e-03	655975.129	34.815	0.196	0.180	24.471	0.758	0.083	655975.129	-15.912	hifi
1	E-CH3OH(13 2   0 _ 12 1   0)	656168.960	225.7111	7.86e-04	656202.135	33.175	0.252	1.004	33.509	7.127	0.715	656202.135	-15.157	hifi
1	o-H2CO(9 3 6 _ 8 3 5)	656464.572	248.2331	7.52e-03	656499.642	35.070	0.333	0.716	34.494	4.230	0.427	656499.642	-16.016	hifi
1	CH3OCH3, v=0(36 2 35 5 _ 35 1 34 5)	656578.037	596.5934	2.14e-03	656610.645	32.608	0.373	0.129	20.929	0.264	0.034	656610.645	-14.889	hifi
1	*C-13-H3OH, vt=0,1(14 0 14 0 _ 13 0 13 0)	657404.972	250.3118	1.29e-03	657438.666	33.694	-0.062	0.301	26.201	1.417	0.147	657438.666	-15.365	hifi
1	Ethylene oxide(23 0 23 _ 22 1 22)	657633.692	383.8978	5.58e-03	657665.672	31.980	-0.945	0.108	22.223	0.325	0.042	657665.672	-14.579	hifi
1	o-H2-13CO(9 1 8 _ 8 1 7)	657665.168	154.7680	8.41e-03	657697.173	32.005	-0.770	0.184	24.016	0.949	0.102	657697.173	-14.589	hifi
1	*C-13-H3OH, vt=0,1(14 1 14 +1 _ 13 1 13 +1)	657794.712	562.2634	1.29e-03	657829.176	34.464	0.306	0.091	24.816	0.208	0.032	657829.176	-15.707	hifi
1	C2H5OH(22 3 19 2 _ 21 2 20 2)	657835.487	227.7642	1.07e-03	657869.177	33.690	0.823	0.291	21.935	1.425	0.146	657869.177	-15.353	hifi
1	A-CH3OH(19 2 - 0 _ 18 3 - 0)	658102.069	478.1707	5.92e-04	658137.184	35.115	0.273	0.383	23.379	1.881	0.191	658137.184	-15.996	hifi
1	A-CH3OH(27 3 + 0 _ 26 4 + 0)	658391.660	926.0833	5.32e-04	658425.691	34.031	-0.909	0.143	22.997	0.477	0.053	658425.691	-15.496	hifi
1	CH3OCHO(21 15 6 2 _ 20 14 6 2)	658421.569	285.4694	5.12e-04	658455.192	33.623	-0.145	0.146	29.816	0.313	0.043	658455.192	-15.309	hifi
1	C2H5OH(19 5 15 1 _ 18 4 15 0)	658462.552	250.4157	7.50e-04	658498.693	36.141	1.218	0.210	46.218	0.746	0.093	658498.693	-16.455	hifi
1	CO-18(6 _ 5)	658553.278	110.6307	1.86e-05	658583.695	30.417	-0.561	5.408	103.608	28.451	2.850	658583.695	-13.847	hifi
1	*C-13-H3OH, vt=0,1(14 3 11 -1 _ 13 3 10 -1)	658749.458	633.5899	1.24e-03	658784.700	35.242	1.740	0.090	27.152	0.304	0.044	658784.700	-16.039	hifi
1	*C-13-H3OH, vt=0,1(14 -1 14 0 _ 13 -1 13 0)	658951.694	243.1115	1.29e-03	658986.705	35.011	0.439	0.276	27.373	1.511	0.157	658986.705	-15.929	hifi
1	*C-13-H3OH, vt=0,1(14 0 14 +0 _ 13 0 13 +0)	659390.067	237.5932	1.30e-03	659422.216	32.149	-0.881	0.336	23.329	1.695	0.173	659422.216	-14.617	hifi
1	SO2, v=0(37 1 37 _ 36 0 36)	659421.004	608.7834	4.03e-03	659456.717	35.713	0.612	0.159	27.230	0.573	0.068	659456.717	-16.236	hifi
1	*C-13-H3OH, vt=0,1(10 0 10 1 _ 9 1 9 1)	659597.951	424.9137	6.56e-04	659631.222	33.271	0.039	0.134	21.853	0.255	0.034	659631.222	-15.122	hifi
1	SO2, v=0(24 7 17 _ 24 6 18)	659898.547	396.0345	2.21e-03	659933.229	34.682	2.038	0.119	25.034	0.518	0.062	659933.229	-15.756	hifi
1	*C-13-H3OH, vt=0,1(14 2 13 -0 _ 13 2 12 -0)	659943.840	275.5118	1.29e-03	659977.231	33.391	-1.191	0.288	23.003	1.797	0.185	659977.231	-15.168	hifi
1	CH3OCHO(28 12 17 0 _ 27 11 16 0)	660027.762	335.4398	3.26e-04	660059.733	31.971	0.000	0.149	24.064	0.591	0.064	660059.733	-14.521	hifi
1	*C-13-H3OH, vt=0,1(14 6 9 0 _ 13 6 8 0)	660098.914	417.5237	1.06e-03	660134.235	35.321	0.000	0.161	26.511	0.584	0.066	660134.235	-16.041	hifi
1	*C-13-H3OH, vt=0,1(14 6 9 -0 _ 13 6 8 -0)	660115.139	432.4246	1.06e-03	660147.735	32.596	0.000	0.203	26.282	0.710	0.078	660147.735	-14.803	hifi
1	*C-13-H3OH, vt=0,1(14 5 10 0 _ 13 5 9 0)	660181.883	374.4992	1.14e-03	660215.237	33.354	0.472	0.224	22.897	1.095	0.115	660215.237	-15.146	hifi
1	*C-13-H3OH, vt=0,1(14 -4 11 0 _ 13 -4 10 0)	660266.982	326.1023	1.20e-03	660298.739	31.757	-2.609	0.246	23.524	2.267	0.233	660298.739	-14.419	hifi
1	*C-13-H3OH, vt=0,1(14 4 10 0 _ 13 4 9 0)	660353.810	334.2025	1.21e-03	660386.241	32.431	-0.945	0.225	23.849	0.914	0.097	660386.241	-14.723	hifi
1	*C-13-H3OH, vt=0,1(14 -3 12 0 _ 13 -3 11 0)	660390.389	300.7323	1.25e-03	660424.742	34.353	0.092	0.281	23.544	1.118	0.116	660424.742	-15.595	hifi
1	*C-13-H3OH, vt=0,1(14 3 12 +0 _ 13 3 11 +0)	660418.930	287.8377	1.25e-03	660451.243	32.313	-0.684	0.289	22.308	1.274	0.131	660451.243	-14.668	hifi
1	CH3OCH3(21 5 16 1 _ 20 4 17 1)	660460.465	245.8013	6.80e-04	660494.244	33.779	-5.432	0.414	22.142	4.511	0.455	660494.244	-15.333	hifi
1	*C-13-H3OH, vt=0,1(14 1 13 0 _ 13 1 12 0)	660673.637	258.9101	1.33e-03	660706.749	33.112	-0.587	0.301	26.722	1.428	0.148	660706.749	-15.025	hifi
1	*C-13-H3OH, vt=0,1(14 3 11 0 _ 13 3 10 0)	660811.488	285.8192	1.25e-03	660844.753	33.265	-0.335	0.230	21.908	1.078	0.113	660844.753	-15.091	hifi
1	*C-13-H3OH, vt=0,1(14 2 12 +0 _ 13 2 11 +0)	660866.698	275.6899	1.29e-03	660900.254	33.556	-0.488	0.283	26.257	1.072	0.113	660900.254	-15.222	hifi
1	C-13-O(6 _ 5)	661067.277	111.0530	1.88e-05	661100.759	33.482	0.207	12.979	396.532	93.819	9.413	661100.759	-15.184	hifi
1	H2CS(19 1 18 _ 18 1 17)	661147.610	330.8103	4.44e-03	661181.261	33.651	-0.393	0.331	57.945	1.748	0.195	661181.261	-15.259	hifi
1	*C-13-H3OH, vt=0,1(5 -2 4 0 _ 4 -1 4 0)	661190.803	59.9889	1.24e-03	661225.262	34.459	-0.161	0.401	25.939	1.909	0.195	661225.262	-15.624	hifi
1	*C-13-H3OH, vt=0,1(14 2 12 0 _ 13 2 11 0)	661314.153	260.3480	1.27e-03	661348.265	34.112	-0.373	0.251	35.234	1.241	0.134	661348.265	-15.464	hifi
1	CH3CN, v=0(36 3 _ 35 3)	661496.838	651.9329	2.54e-02	661528.770	31.932	-0.529	0.315	31.453	1.347	0.142	661528.770	-14.472	hifi
1	CH3CN, v=0(36 2 _ 35 2)	661559.735	616.2673	2.55e-02	661594.772	35.037	0.845	0.138	30.977	0.482	0.064	661594.772	-15.877	hifi
1	CH3CN, v=0(36 0 _ 35 0)	661610.067	587.7298	2.56e-02	661643.273	33.206	3.167	0.168	26.958	1.077	0.119	661643.273	-15.046	hifi
1	SO2, v=0(20 7 13 _ 20 6 14)	661668.280	313.1857	2.12e-03	661703.774	35.494	0.069	0.132	23.908	0.313	0.041	661703.774	-16.082	hifi
1	*C-13-H3OH, vt=0,1(14 -2 13 0 _ 13 -2 12 0)	661761.486	264.0456	1.29e-03	661795.277	33.791	-0.253	0.293	23.553	1.278	0.132	661795.277	-15.308	hifi
1	CH3OCHO(53 15 38 0 _ 52 15 37 0)	661838.116	998.7676	4.13e-03	661871.279	33.163	-0.980	0.151	23.451	0.482	0.057	661871.279	-15.022	hifi
1	SO2, v=0(19 7 13 _ 19 6 14)	661962.190	294.7843	2.09e-03	661996.782	34.592	0.334	0.145	19.271	0.534	0.060	661996.782	-15.666	hifi
1	p-H2CO(9 2 7 _ 8 2 6)	662209.152	205.3288	8.26e-03	662245.288	36.136	0.638	0.614	25.057	3.763	0.379	662245.288	-16.359	hifi
1	E-CH3OH(16 -7   0 _ 17 -6   0)	662295.802	567.7368	3.04e-04	662331.790	35.988	0.000	0.306	25.801	1.342	0.137	662331.790	-16.290	hifi
1	CH3OCH3(18 6 13 1 _ 17 5 12 1)	662321.713	206.3326	8.02e-04	662355.791	34.078	2.150	0.457	25.665	2.358	0.240	662355.791	-15.425	hifi
1	CH3OCH3, v=0(37 1 37 3 _ 36 0 36 3)	662350.595	609.3513	2.63e-03	662382.292	31.697	0.000	0.176	25.922	0.751	0.077	662382.292	-14.346	hifi
1	CH3OCH3(18 6 12 2 _ 17 5 13 2)	662416.136	206.3327	6.85e-04	662449.793	33.657	0.948	0.448	24.844	2.974	0.301	662449.793	-15.232	hifi
1	SO2, v=0(16 7 9 _ 16 6 10)	662566.909	245.1181	1.98e-03	662602.797	35.888	0.791	0.113	20.810	0.437	0.051	662602.797	-16.238	hifi
1	SO2, v=0(15 7 9 _ 15 6 10)	662697.610	230.4071	1.92e-03	662732.300	34.690	0.592	0.099	21.849	0.279	0.034	662732.300	-15.693	hifi
1	SO2, v=0(14 7 7 _ 14 6 8)	662799.462	216.6174	1.86e-03	662831.803	32.341	0.292	0.094	21.448	0.293	0.040	662831.803	-14.628	hifi
1	SO2, v=0(13 7 7 _ 13 6 8)	662876.966	203.7488	1.79e-03	662909.805	32.839	0.232	0.138	28.863	0.493	0.062	662909.805	-14.852	hifi
1	SO2, v=0(11 7 5 _ 11 6 6)	662972.811	180.7735	1.58e-03	663006.807	33.996	0.000	0.138	32.504	0.363	0.048	663006.807	-15.373	hifi
1	SO2, v=0(10 7 3 _ 10 6 4)	662997.755	170.6660	1.43e-03	663033.808	36.053	0.000	0.137	29.302	0.264	0.030	663033.808	-16.302	hifi
1	SO2, v=0(9 7 3 _ 9 6 4)	663011.307	161.4784	1.23e-03	663045.808	34.501	0.000	0.152	30.769	0.590	0.069	663045.808	-15.600	hifi
1	HC(O)NH2, v=0(31 5 26 _ 30 5 25)	663713.872	581.6705	2.13e-02	663750.326	36.454	0.230	0.090	22.063	0.161	0.026	663750.326	-16.466	hifi
1	C2H5OH(13 7 6 1 _ 12 6 6 0)	663870.769	197.4558	1.12e-03	663905.830	35.061	0.000	0.096	20.348	0.225	0.031	663905.830	-15.833	hifi
1	Ga-n-C3H7OH(41 15 26 _ 40 14 27)	664002.268	495.0128	1.03e-03	664036.333	34.065	-0.482	0.085	27.146	0.151	0.029	664036.333	-15.380	hifi
1	CH3OCHO(26 13 13 0 _ 25 12 14 0)	664030.561	319.3020	3.81e-04	664064.334	33.773	-0.209	0.173	24.134	0.530	0.061	664064.334	-15.248	hifi
1	CH3OCHO(19 16 3 5 _ 18 15 3 5)	664050.788	470.7239	6.16e-04	664084.335	33.547	0.459	0.107	24.753	0.198	0.029	664084.335	-15.145	hifi
1	CH3OCH3, v=0(32 4 29 1 _ 31 3 28 1)	664346.085	504.2231	1.02e-03	664379.342	33.257	1.820	0.179	24.463	0.663	0.076	664379.342	-15.008	hifi
1	CH3OCHO(17 17 0 2 _ 16 16 0 2)	664395.043	281.9203	7.33e-04	664428.843	33.800	0.688	0.106	22.091	0.217	0.029	664428.843	-15.252	hifi
1	CH3OCHO(17 17 1 0 _ 16 16 0 0)	664449.331	281.9318	7.33e-04	664483.845	34.514	-0.790	0.217	19.758	0.977	0.102	664483.845	-15.572	hifi
1	E-CH3OH(29 -3   0 _ 29 -2   0)	664661.582	1062.9529	1.18e-03	664696.350	34.768	0.096	0.108	18.346	0.223	0.028	664696.350	-15.682	hifi
1	E-CH3OH(8 -5   1 _ 9 -6   1)	664781.233	621.5892	1.60e-03	664817.853	36.620	0.806	0.312	26.392	1.494	0.154	664817.853	-16.514	hifi
1	CH3OCH3(15 7 9 0 _ 14 6 8 0)	664819.468	178.0983	1.10e-03	664854.854	35.386	0.279	0.680	26.167	3.835	0.386	664854.854	-15.957	hifi
1	H2NCO2CH3(37 29 8 2 38 _ 36 28 8 2 37)	664960.627	530.6551	6.39e-03	664995.858	35.231	-0.017	0.145	18.429	0.525	0.058	664995.858	-15.884	hifi
1	E-CH3OH(22 8   0 _ 23 7   0)	665022.643	913.5920	3.69e-04	665054.859	32.216	-0.523	0.115	18.835	0.359	0.043	665054.859	-14.523	hifi
1	S2O, v=0(27 6 21 _ 26 5 22)	665061.972	237.8335	7.97e-04	665094.860	32.888	-0.268	0.142	22.129	0.422	0.050	665094.860	-14.825	hifi
1	S-33-O2(17 4 14 17.5 _ 16 3 13 16.5)	665191.415	179.2898	1.41e-03	665225.864	34.449	-0.356	0.110	28.477	0.377	0.050	665225.864	-15.526	hifi
1	SO2, v=0(16 4 12 _ 15 3 13)	665246.855	164.4662	1.45e-03	665281.365	34.510	0.557	0.190	31.581	0.773	0.089	665281.365	-15.552	hifi
1	p-H2S(4 2 2 _ 4 1 3)	665393.738	245.0776	7.42e-04	665427.869	34.131	0.653	0.391	33.200	2.093	0.216	665427.869	-15.378	hifi
1	E-CH3OH(5 -2   0 _ 4 -1   0)	665442.419	52.8263	1.26e-03	665476.870	34.451	0.105	1.184	32.738	7.743	0.776	665476.870	-15.521	hifi
1	E-CH3OH(16 1   0 _ 15 -2   0)	666442.393	328.8216	3.42e-05	666475.895	33.502	-0.657	0.305	28.209	1.577	0.163	666475.895	-15.071	hifi
1	CH3OCH3(12 8 5 3 _ 11 7 4 3)	666557.764	160.9311	1.44e-03	666593.898	36.134	-0.123	0.690	28.249	4.123	0.415	666593.898	-16.252	hifi
1	*C-13-H3OH, vt=0,1(8 1 8 +0 _ 7 0 7 +0)	666706.035	95.4119	1.84e-03	666740.902	34.867	-0.007	0.504	25.562	2.425	0.245	666740.902	-15.678	hifi
1	H2S-34(4 2 2 _ 4 1 3)	666816.195	244.8291	7.42e-04	666850.405	34.210	0.524	0.086	20.108	0.203	0.030	666850.405	-15.380	hifi
1	A-CH3OH(10 5 - 0 _ 11 4 - 0)	667147.231	265.5385	3.03e-04	667180.913	33.682	-0.642	0.581	24.087	3.105	0.313	667180.913	-15.136	hifi
1	A-CH3OH(4 3 + 2 _ 5 4 + 2)	667374.765	681.2264	6.36e-04	667408.919	34.154	-0.110	0.242	23.539	1.114	0.116	667408.919	-15.342	hifi
1	CH3OCHO(24 14 10 2 _ 23 13 10 2)	667471.278	306.9895	4.44e-04	667503.421	32.143	-1.617	0.128	23.043	0.346	0.043	667503.421	-14.437	hifi
1	E-CH3OH(6 4   0 _ 7 3   0)	667497.903	136.8468	2.17e-04	667534.422	36.519	0.281	0.620	22.967	3.626	0.365	667534.422	-16.402	hifi
1	CH3OCHO(17 17 1 3 _ 16 16 0 3)	667583.355	470.4242	7.46e-04	667617.924	34.569	0.108	0.089	21.557	0.164	0.026	667617.924	-15.524	hifi
1	NS, v=0(14 1 14.5 13.5 _ 13 -1 13.5 12.5)	668457.084	247.8175	5.47e-03	668491.946	34.862	0.375	0.157	24.405	0.702	0.078	668491.946	-15.635	hifi
1	E-CH3OH(22 -1   0 _ 21 2   0)	668602.304	582.7669	1.06e-04	668636.950	34.646	-0.117	0.198	25.546	0.796	0.086	668636.950	-15.535	hifi
1	Ethylene oxide(20 6 15 _ 19 5 14)	668663.522	373.1411	4.10e-03	668697.952	34.430	0.535	0.126	26.643	0.309	0.042	668697.952	-15.436	hifi
1	HDS(3 2 2 _ 3 1 3)	668820.647	102.9977	3.86e-04	668853.956	33.309	0.000	0.209	23.527	0.872	0.093	668853.956	-14.930	hifi
1	NS, v=0(14 -1 14.5 14.5 _ 13 1 13.5 13.5)	668849.676	248.1002	5.48e-03	668883.956	34.280	0.000	0.148	22.332	0.782	0.081	668883.956	-15.365	hifi
1	CH3OCH3(22 5 18 1 _ 21 4 17 1)	669409.028	265.8751	6.93e-04	669442.971	33.943	0.448	0.341	29.190	1.619	0.168	669442.971	-15.201	hifi
1	A-CH3OH(27 3 - 0 _ 26 4 - 0)	669495.679	926.5889	5.60e-04	669530.473	34.794	0.275	0.106	25.496	0.287	0.039	669530.473	-15.580	hifi
1	HC-13-N-15, v=0(8 _ 7)	669663.068	144.6411	1.47e-02	669699.977	36.909	1.304	0.090	29.511	0.356	0.056	669699.977	-16.523	hifi
1	c-C3D(14 7 8 13.5 12.5 _ 13 7 7 12.5 11.5)	670364.602	284.5143	4.41e-03	670398.995	34.393	0.328	0.190	26.218	0.975	0.106	670398.995	-15.381	hifi
1	A-CH3OH(14 1 + 0 _ 13 1 + 0)	670422.659	256.0198	1.36e-03	670458.996	36.337	0.473	0.842	26.366	4.893	0.491	670458.996	-16.249	hifi
1	CH3OCHO(22 15 7 2 _ 21 14 7 2)	670666.372	298.4452	5.19e-04	670702.502	36.130	0.873	0.127	26.430	0.329	0.043	670702.502	-16.151	hifi
1	CH3OCHO(22 15 8 1 _ 21 14 8 1)	670705.567	298.4365	5.19e-04	670740.503	34.936	-0.217	0.205	26.834	0.733	0.081	670740.503	-15.616	hifi
1	*C-13-H3OH, vt=0,1(4 2 3 -0 _ 3 1 2 -0)	670756.616	60.4552	1.33e-03	670792.005	35.389	0.183	0.401	26.359	2.009	0.205	670792.005	-15.817	hifi
1	C2H5OH(10 10 1 2 _ 9 9 0 2)	670904.780	171.5452	3.40e-03	670938.508	33.728	-0.513	0.155	25.326	0.581	0.066	670938.508	-15.071	hifi
1	Ethylene oxide(18 8 10 _ 17 9 9)	670968.776	341.1471	2.74e-03	671004.010	35.234	0.195	0.094	25.019	0.101	0.020	671004.010	-15.743	hifi
1	C2H5OH(19 7 12 2 _ 18 6 13 2)	671299.649	221.1838	1.65e-03	671335.018	35.369	0.415	0.109	23.728	0.169	0.022	671335.018	-15.795	hifi
1	C2H5OH(13 9 4 2 _ 12 8 5 2)	671336.812	177.9913	2.48e-03	671372.019	35.207	1.210	0.207	22.817	1.337	0.140	671372.019	-15.722	hifi
1	A-CH3OH(18 8 - 0 _ 19 7 - 0)	671480.387	717.4206	3.28e-04	671514.523	34.136	0.048	0.223	39.995	0.951	0.110	671514.523	-15.241	hifi
1	CH3OCH3, v=0(26 12 15 5 _ 26 11 16 5)	671586.048	521.5979	1.26e-03	671620.026	33.978	0.453	0.194	22.005	0.777	0.083	671620.026	-15.167	hifi
1	CH3OCH3, v=0(25 12 13 0 _ 25 11 14 0)	671687.194	497.9398	1.24e-03	671721.528	34.334	-0.520	0.148	35.595	0.365	0.052	671721.528	-15.324	hifi
1	CH3OCH3, v=0(24 12 12 3 _ 24 11 13 3)	671779.256	475.1926	1.21e-03	671813.531	34.275	0.351	0.119	23.954	0.480	0.057	671813.531	-15.296	hifi
1	CH3OCH3, v=0(23 12 12 1 _ 23 11 13 1)	671855.444	453.3546	1.18e-03	671889.533	34.089	0.263	0.183	21.893	0.637	0.069	671889.533	-15.211	hifi
1	E-CH3OH(10 0   1 _ 9 1   1)	671912.643	419.9999	6.94e-04	671950.034	37.391	0.161	0.506	36.232	3.725	0.379	671950.034	-16.683	hifi
1	CH3OCH3, v=0(21 12 10 1 _ 21 11 11 1)	671976.431	412.4095	1.10e-03	672010.536	34.105	-0.298	0.197	27.949	0.769	0.086	672010.536	-15.215	hifi
1	CH3OCH3, v=0(20 12 8 1 _ 20 11 9 1)	672023.415	393.3023	1.06e-03	672057.537	34.122	0.777	0.197	26.698	0.952	0.103	672057.537	-15.222	hifi
1	CH3OCH3, v=0(19 12 7 1 _ 19 11 8 1)	672060.723	375.1045	1.01e-03	672094.538	33.815	0.365	0.215	28.422	0.811	0.089	672094.538	-15.084	hifi
1	CH3OCH3, v=0(18 12 6 3 _ 18 11 7 3)	672090.996	357.8189	9.45e-04	672125.039	34.043	0.000	0.217	27.129	0.858	0.088	672125.039	-15.185	hifi
1	*C-13-H3OH, vt=0,1(11 0 11 0 _ 10 -1 10 0)	672184.351	162.3657	1.02e-03	672219.041	34.690	-0.179	0.339	102.267	1.552	0.213	672219.041	-15.472	hifi
1	A-CH3OH(19 2 + 0 _ 18 3 + 0)	672360.900	478.8076	6.31e-04	672397.045	36.145	0.290	0.400	23.330	1.997	0.203	672397.045	-16.117	hifi
1	SO2, v=0(17 4 14 _ 16 3 13)	672564.512	180.1139	1.47e-03	672598.050	33.538	-0.270	0.176	40.835	0.467	0.058	672598.050	-14.950	hifi
1	CH3OCHO(22 15 8 3 _ 21 14 7 3)	672723.563	486.1561	5.26e-04	672756.054	32.491	0.000	0.096	24.759	0.169	0.023	672756.054	-14.480	hifi
1	A-CH3OH(14 1 + 2 _ 13 1 + 2)	672833.157	925.0614	1.37e-03	672868.057	34.900	0.000	0.138	29.521	0.423	0.052	672868.057	-15.550	hifi
1	CH3OCH3(23 4 19 1 _ 22 3 20 1)	672905.476	275.2863	4.26e-04	672939.059	33.583	0.280	0.738	33.308	4.193	0.423	672939.059	-14.962	hifi
1	E-CH3OH(14 0   0 _ 13 0   0)	673415.965	248.2415	1.38e-03	673451.572	35.607	-0.007	0.802	33.806	4.680	0.471	673451.572	-15.852	hifi
1	CH3OCHO(29 12 18 4 _ 28 11 18 4)	673500.460	539.0415	3.35e-04	673536.574	36.114	0.268	0.097	24.724	0.172	0.025	673536.574	-16.075	hifi
1	A-CH3OH(14 8 - 1 _ 13 8 - 1)	673579.568	925.2439	3.41e-04	673613.576	34.008	-1.418	0.142	30.074	0.597	0.071	673613.576	-15.136	hifi
1	E-CH3OH(14 3   1 _ 13 3   1)	673676.624	652.3099	1.33e-03	673711.579	34.955	0.273	0.368	25.895	1.941	0.198	673711.579	-15.555	hifi
1	CH3OCHO(20 16 4 2 _ 19 15 4 2)	673713.308	293.6307	6.11e-04	673746.080	32.772	-0.282	0.144	39.453	0.402	0.054	673746.080	-14.583	hifi
1	A-CH3OH(4 2 - 0 _ 3 1 - 0)	673745.949	60.9238	1.34e-03	673780.080	34.131	-0.366	1.221	47.250	8.440	0.848	673780.080	-15.187	hifi
1	CO-17(6 8.5 _ 5 7.5)	674009.184	113.2273	1.99e-05	674040.587	31.403	-0.635	2.064	57.894	13.218	1.327	674040.587	-13.968	hifi
1	E-CH3OH(14 6   1 _ 13 6   1)	674090.987	827.2854	1.09e-03	674125.089	34.102	-0.160	0.190	54.899	0.851	0.116	674125.089	-15.166	hifi
1	E-CH3OH(14 -7   1 _ 13 -7   1)	674143.533	758.3568	1.07e-03	674178.091	34.558	0.000	0.247	53.109	1.674	0.189	674178.091	-15.368	hifi
1	E-CH3OH(14 -2   2 _ 13 -2   2)	674163.147	879.8018	1.35e-03	674197.091	33.944	0.000	0.310	39.371	1.196	0.123	674197.091	-15.095	hifi
1	A-CH3OH(14 0 + 2 _ 13 0 + 2)	674198.026	750.9655	1.79e-03	674232.092	34.066	-1.090	0.291	52.191	1.583	0.176	674232.092	-15.148	hifi
1	E-CH3OH(14 2   2 _ 13 2   2)	674234.620	821.1141	1.37e-03	674268.593	33.973	0.000	0.169	43.650	0.632	0.068	674268.593	-15.106	hifi
1	E-CH3OH(14 7   1 _ 13 7   1)	674262.357	816.1070	1.00e-03	674293.093	30.736	0.209	0.292	43.523	1.930	0.207	674293.093	-13.666	hifi
1	E-CH3OH(21 -4   1 _ 22 -3   1)	674351.162	932.1152	4.64e-04	674387.096	35.934	0.122	0.109	24.475	0.201	0.031	674387.096	-15.975	hifi
1	E-CH3OH(11 -9   1 _ 10 -10   1)	674476.198	940.4101	1.44e-05	674508.599	32.401	-5.052	0.530	24.921	6.289	0.634	674508.599	-14.402	hifi
1	A-CH3OH(14 5 - 1 _ 13 5 - 1)	674617.356	663.4956	1.21e-03	674653.103	35.747	1.905	0.357	42.648	2.677	0.285	674653.103	-15.885	hifi
1	E-CH3OH(14 4   1 _ 13 4   1)	674659.369	598.4469	1.27e-03	674693.604	34.235	-0.421	0.363	42.188	1.729	0.184	674693.604	-15.213	hifi
1	E-CH3OH(14 -3   1 _ 13 -3   1)	674717.392	557.7118	1.32e-03	674750.105	32.713	0.000	0.489	31.562	3.881	0.390	674750.105	-14.535	hifi
1	E-CH3OH(14 0   1 _ 13 0   1)	674743.022	535.6750	1.39e-03	674779.606	36.584	0.000	0.446	30.718	4.779	0.479	674779.606	-16.254	hifi
1	o-H2CO(9 1 8 _ 8 1 7)	674809.776	158.8281	9.08e-03	674846.107	36.331	2.450	0.870	31.946	7.807	0.784	674846.107	-16.141	hifi
1	A-CH3OH(14 9 - 1 _ 13 9 - 1)	674907.071	926.7680	1.53e-03	674943.110	36.039	0.746	0.242	24.596	1.175	0.124	674943.110	-16.008	hifi
1	A-CH3OH(8 1 + 0 _ 7 0 + 0)	674990.542	97.3763	9.55e-04	675026.612	36.070	0.637	1.270	37.061	8.534	0.856	675026.612	-16.020	hifi
1	E-CH3OH(14 2   1 _ 13 2   1)	675049.459	635.0484	1.37e-03	675084.114	34.655	1.286	0.400	37.412	4.514	0.460	675084.114	-15.390	hifi
1	E-CH3OH(14 -1   1 _ 13 -1   1)	675097.982	648.5523	1.39e-03	675131.615	33.633	-0.444	0.363	30.384	1.759	0.181	675131.615	-14.935	hifi
1	E-CH3OH(14 8   1 _ 13 8   1)	675139.724	830.3039	1.00e-03	675171.616	31.892	0.013	0.819	28.459	5.992	0.601	675171.616	-14.161	hifi
1	A-CH3OH(14 0 + 1 _ 13 0 + 1)	675176.371	666.7525	1.50e-03	675210.617	34.246	-0.337	0.378	25.011	1.742	0.178	675210.617	-15.206	hifi
1	E-CH3OH(14 -5   1 _ 13 -5   1)	675232.868	781.3118	1.22e-03	675266.118	33.250	0.151	0.308	25.965	1.463	0.151	675266.118	-14.763	hifi
1	A-CH3OH(14 1 - 1 _ 13 1 - 1)	675347.338	568.4826	1.39e-03	675383.621	36.283	-0.488	0.403	38.928	2.764	0.286	675383.621	-16.106	hifi
1	E-CH3OH(14 -12   0 _ 13 -12   0)	675463.724	949.6917	3.72e-04	675497.124	33.400	-0.512	0.107	25.361	0.440	0.055	675497.124	-14.824	hifi
1	*C-13-H3OH, vt=0,1(4 2 2 +0 _ 3 1 3 +0)	675555.336	60.4567	1.34e-03	675591.626	36.290	0.295	0.430	31.275	2.451	0.250	675591.626	-16.105	hifi
1	A-CH3OH(14 0 + 0 _ 13 0 + 0)	675612.623	243.4522	1.40e-03	675648.128	35.505	0.027	0.859	24.243	4.825	0.484	675648.128	-15.755	hifi
1	A-CH3OH(14 11 - 0 _ 13 11 - 0)	675654.923	842.7958	5.38e-04	675688.629	33.706	-0.325	0.218	21.618	1.300	0.135	675688.629	-14.955	hifi
1	E-CH3OH(28 -3   0 _ 28 -2   0)	675705.810	995.8525	1.25e-03	675738.630	32.820	0.000	0.102	33.594	0.146	0.028	675738.630	-14.561	hifi
1	E-CH3OH(3 3   0 _ 2 2   0)	675773.379	53.7408	2.55e-03	675809.132	35.753	0.503	0.888	52.865	6.885	0.696	675809.132	-15.861	hifi
1	E-CH3OH(14 10   0 _ 13 10   0)	675846.423	731.1173	6.90e-04	675880.134	33.711	-0.475	0.255	36.965	1.110	0.124	675880.134	-14.953	hifi
1	A-CH3OH(14 10 - 0 _ 13 10 - 0)	675892.303	749.7792	6.87e-04	675927.135	34.832	0.839	0.363	33.193	2.020	0.208	675927.135	-15.450	hifi
1	E-CH3OH(14 -10   0 _ 13 -10   0)	675958.918	745.4243	6.94e-04	675993.637	34.719	0.535	0.230	30.586	0.911	0.103	675993.637	-15.398	hifi
1	E-CH3OH(14 9   0 _ 13 9   0)	676015.645	644.4080	8.22e-04	676052.638	36.993	-2.534	0.294	31.799	2.931	0.302	676052.638	-16.405	hifi
1	E-CH3OH(14 -8   0 _ 13 -8   0)	676138.972	557.0721	9.44e-04	676173.141	34.169	5.101	0.356	37.784	3.888	0.401	676173.141	-15.150	hifi
1	A-CH3OH(14 2 - 0 _ 13 2 - 0)	676215.027	281.2897	1.38e-03	676249.643	34.616	0.821	0.716	35.366	5.741	0.578	676249.643	-15.347	hifi
1	A-CH3OH(14 7 + 0 _ 13 7 + 0)	676269.664	488.2250	1.05e-03	676307.645	37.981	0.000	0.443	114.449	3.908	0.417	676307.645	-16.837	hifi
1	E-CH3OH(14 -7   0 _ 13 -7   0)	676349.540	495.8760	1.06e-03	676387.147	37.607	-1.920	0.425	127.380	4.006	0.479	676387.147	-16.669	hifi
1	A-CH3OH(14 6 + 0 _ 13 6 + 0)	676425.697	437.3007	1.15e-03	676463.148	37.451	5.134	0.537	112.735	6.562	0.719	676463.148	-16.599	hifi
1	A-CH3OH(19 0 + 0 _ 18 1 + 0)	676499.382	440.0855	9.83e-04	676533.150	33.768	0.492	0.728	48.235	5.313	0.539	676533.150	-14.964	hifi
1	E-CH3OH(14 -5   0 _ 13 -5   0)	676591.314	359.7319	1.23e-03	676625.153	33.839	-1.427	0.730	32.502	7.994	0.803	676625.153	-14.994	hifi
1	E-CH3OH(14 4   0 _ 13 4   0)	676677.689	331.7530	1.30e-03	676713.655	35.966	0.235	0.664	195.883	3.627	0.475	676713.655	-15.934	hifi
1	A-CH3OH(14 3 + 0 _ 13 3 + 0)	676749.460	293.4688	1.34e-03	676784.657	35.197	0.000	0.748	191.671	9.144	1.118	676784.657	-15.592	hifi
1	A-CH3OH(14 3 - 0 _ 13 3 - 0)	676829.564	293.4798	1.34e-03	676863.659	34.095	0.743	0.875	35.188	7.077	0.711	676863.659	-15.102	hifi
1	SO2, v=0(38 0 38 _ 37 1 37)	676926.570	641.2710	4.37e-03	676963.661	37.091	0.271	0.133	38.344	0.387	0.054	676963.661	-16.427	hifi
1	c-HCOOH(16 5 11 _ 16 4 12)	676962.837	234.0386	6.37e-03	676996.662	33.825	0.000	0.134	37.922	0.326	0.049	676996.662	-14.979	hifi
1	E-CH3OH(14 1   0 _ 13 1   0)	677012.842	256.8843	1.42e-03	677050.163	37.321	0.576	0.816	31.524	4.642	0.467	677050.163	-16.527	hifi
1	E-CH3OH(14 3   0 _ 13 3   0)	677190.543	283.5608	1.35e-03	677228.168	37.625	0.707	0.678	28.477	3.738	0.376	677228.168	-16.657	hifi
1	A-CH3OH(14 2 + 0 _ 13 2 + 0)	677233.277	281.4867	1.39e-03	677269.169	35.892	0.073	0.733	34.215	4.117	0.415	677269.169	-15.888	hifi
1	E-CH3OH(18 1   1 _ 17 0   1)	677419.170	679.1762	8.97e-04	677453.174	34.004	-0.441	0.308	22.925	1.316	0.135	677453.174	-15.048	hifi
1	E-CH3OH(14 2   0 _ 13 2   0)	677709.762	258.2371	1.37e-03	677745.181	35.419	-0.142	0.744	30.254	4.189	0.422	677745.181	-15.668	hifi
1	*C-13-H3OH, vt=0,1(15 1 14 0 _ 14 2 12 0)	677856.536	292.8802	6.03e-04	677892.185	35.649	-0.302	0.237	26.649	1.066	0.113	677892.185	-15.766	hifi
1	E-CH3OH(14 -2   0 _ 13 -2   0)	678252.571	261.9522	1.39e-03	678288.195	35.624	0.108	0.752	44.637	4.232	0.429	678288.195	-15.746	hifi
1	E-CH3OH(8 8   1 _ 7 7   1)	678415.998	670.6301	2.93e-03	678449.699	33.701	-0.420	0.308	29.953	1.636	0.170	678449.699	-14.892	hifi
1	E-CH3OH(6 -1   1 _ 7 -2   1)	678666.532	454.1083	3.53e-04	678701.705	35.173	-0.120	0.314	26.883	1.458	0.151	678701.705	-15.537	hifi
1	A-CH3OH(4 2 + 0 _ 3 1 + 0)	678785.308	60.9254	1.37e-03	678821.208	35.900	0.378	1.347	38.596	8.827	0.885	678821.208	-15.856	hifi
1	A-CH3OH(9 6 - 0 _ 10 5 - 0)	679341.205	298.1412	1.74e-04	679378.722	37.517	0.768	0.580	36.176	3.086	0.314	679378.722	-16.556	hifi
1	*C-13-H3OH, vt=0,1(6 4 2 0 _ 7 3 4 0)	679438.918	143.9981	2.30e-04	679475.725	36.807	0.921	0.185	20.656	0.711	0.076	679475.725	-16.240	hifi
1	*C-13-H3OH, vt=0,1(9 3 7 +0 _ 8 2 6 +0)	679554.483	151.9788	1.30e-03	679591.228	36.745	0.550	0.388	27.742	1.862	0.190	679591.228	-16.210	hifi
1	CH3CN, v=0(37 5 _ 36 5)	679624.160	798.6348	2.72e-02	679658.729	34.569	0.000	0.126	31.865	0.197	0.032	679658.729	-15.249	hifi
1	CH3OCHO(25 14 12 0 _ 24 13 11 0)	679683.812	321.7601	4.52e-04	679717.231	33.419	-0.979	0.186	34.197	0.660	0.078	679717.231	-14.740	hifi
1	CH3OCH3(22 5 17 1 _ 21 4 18 1)	679792.747	265.9276	7.15e-04	679827.734	34.987	2.351	0.315	32.511	2.709	0.279	679827.734	-15.429	hifi
1	CH3OCHO(18 17 1 3 _ 17 16 2 3)	679815.630	480.9624	7.43e-04	679854.734	39.104	0.000	0.210	39.711	1.306	0.138	679854.734	-17.245	hifi
1	CH3CN, v=0(37 2 _ 36 2)	679895.290	648.8974	2.77e-02	679927.236	31.946	0.176	0.173	36.397	0.651	0.079	679927.236	-14.086	hifi
1	*C-13-H3OH, vt=0,1(9 3 6 -0 _ 8 2 7 -0)	680000.172	151.9801	1.30e-03	680034.739	34.567	-0.158	0.458	35.058	2.537	0.259	680034.739	-15.240	hifi
1	CH3OCH3, v=0(38 1 38 5 _ 37 0 37 5)	680025.541	641.9874	2.85e-03	680059.240	33.699	0.000	0.141	35.942	0.515	0.053	680059.240	-14.856	hifi
1	CN, v=0,1(6 0 5.5 4.5 _ 5 0 4.5 3.5)	680047.376	114.2237	3.36e-03	680080.240	32.864	2.020	0.176	37.969	1.042	0.114	680080.240	-14.488	hifi
1	OCS, v=0(56 _ 55)	680212.609	931.0080	9.29e-04	680246.244	33.635	0.067	0.094	25.639	0.167	0.030	680246.244	-14.824	hifi
1	CN, v=0,1(6 0 6.5 6.5 _ 5 0 5.5 5.5)	680263.902	114.2927	3.47e-03	680296.746	32.844	1.589	0.204	31.152	1.789	0.190	680296.746	-14.474	hifi
1	E-CH3OH(20 -9   0 _ 21 -8   0)	680573.202	881.5943	3.33e-04	680608.754	35.552	0.075	0.146	25.619	0.314	0.041	680608.754	-15.660	hifi
1	CH2DOH(6 3 3 0 _ 5 2 4 0)	680611.606	80.9779	1.39e-03	680645.254	33.648	0.000	0.116	23.137	0.151	0.021	680645.254	-14.821	hifi
1	A-CH3OH(22 1 - 0 _ 21 2 - 0)	680800.973	605.7141	7.52e-04	680835.259	34.286	-0.483	0.394	27.178	2.234	0.228	680835.259	-15.098	hifi
1	CH2DOH(6 3 3 2 _ 5 2 4 2)	680886.843	100.2902	2.20e-04	680921.761	34.918	0.000	0.136	30.060	0.486	0.060	680921.761	-15.375	hifi
1	HNCO(31 0 31 30 _ 30 0 30 30)	680905.357	523.0530	4.99e-06	680940.262	34.905	0.000	0.137	31.656	0.528	0.055	680940.262	-15.368	hifi
1	CH3OCH3(19 6 14 1 _ 18 5 13 1)	680925.736	223.6560	8.97e-04	680960.262	34.526	0.044	0.385	29.961	1.832	0.188	680960.262	-15.201	hifi
1	C2H5OH(14 7 7 1 _ 13 6 7 0)	680971.678	209.0869	1.15e-03	681005.264	33.586	-1.059	0.119	29.270	0.303	0.044	681005.264	-14.786	hifi
1	CH3OCH3(19 6 13 2 _ 18 5 14 2)	681090.854	223.6563	8.50e-04	681126.267	35.413	0.216	0.485	29.649	2.430	0.247	681126.267	-15.587	hifi
1	S-33-O(16 16 15.5 _ 15 15 15.5)	681271.791	291.1577	3.37e-05	681306.771	34.980	0.000	0.105	28.220	0.106	0.020	681306.771	-15.393	hifi
1	Ethylene oxide(14 12 3 _ 13 11 2)	681548.578	237.6065	4.15e-03	681584.278	35.700	0.413	0.122	27.164	0.222	0.032	681584.278	-15.703	hifi
1	E-CH3OH(3 -2   1 _ 4 -3   1)	681789.716	370.6098	2.53e-03	681827.284	37.568	0.682	0.592	26.763	3.057	0.308	681827.284	-16.519	hifi
1	A-CH3OH(14 1 - 0 _ 13 1 - 0)	681989.824	260.2079	1.43e-03	682026.790	36.966	0.456	0.829	28.652	5.001	0.502	682026.790	-16.249	hifi
1	H2CS(20 0 20 _ 19 0 19)	682576.550	345.0208	4.91e-03	682613.304	36.754	1.197	0.201	31.170	0.851	0.095	682613.304	-16.143	hifi
1	C2H5CN, v=0(17 12 5 _ 16 11 6)	682659.991	225.5304	1.90e-03	682698.307	38.316	0.000	0.102	29.001	0.130	0.025	682698.307	-16.826	hifi
1	CH3OCHO(23 15 9 0 _ 22 14 8 0)	682938.479	312.0186	5.26e-04	682972.313	33.834	-0.401	0.214	26.452	0.904	0.097	682972.313	-14.852	hifi
1	*C-13-H3OH, vt=0,1(3 -2 1 1 _ 4 -3 1 1)	683011.556	378.3616	2.55e-03	683044.815	33.259	-0.578	0.185	30.065	0.454	0.054	683044.815	-14.598	hifi
1	CH3OCH3(16 7 10 0 _ 15 6 9 0)	683689.867	192.6678	1.15e-03	683726.833	36.966	0.505	0.652	29.600	3.744	0.377	683726.833	-16.209	hifi
1	E-CH3OH(12 -2   0 _ 11 1   0)	683749.860	199.1812	1.72e-05	683784.834	34.974	-0.379	0.382	29.580	2.159	0.221	683784.834	-15.335	hifi
1	CH3OCHO(30 12 18 0 _ 29 11 19 0)	683773.689	370.4635	3.40e-04	683809.835	36.146	0.000	0.148	28.480	0.497	0.052	683809.835	-15.848	hifi
1	E-CH3OH(25 -3   0 _ 24 -4   0)	684262.959	808.3527	6.66e-04	684299.847	36.888	1.098	0.201	23.679	0.598	0.066	684299.847	-16.162	hifi
1	CH3OCH3, v=0(34 4 31 5 _ 33 3 30 5)	684319.261	565.0351	1.23e-03	684353.848	34.587	-0.408	0.139	24.446	0.272	0.034	684353.848	-15.152	hifi
1	A-CH3OH(11 4 + 1 _ 12 5 + 1)	684427.917	633.8985	1.56e-03	684463.351	35.434	-0.113	0.421	29.315	2.237	0.228	684463.351	-15.521	hifi
1	o-H2-13CO(10 1 10 _ 9 1 9)	684677.855	177.7400	9.56e-03	684713.358	35.503	0.543	0.179	32.141	0.843	0.097	684713.358	-15.545	hifi
1	CH2DOH(5 2 4 1 _ 4 1 3 0)	684840.982	58.7089	4.82e-04	684875.862	34.880	0.180	0.318	24.436	1.385	0.143	684875.862	-15.269	hifi
1	*C-13-H3OH, vt=0,1(10 5 5 -0 _ 11 4 8 -0)	684935.176	263.1434	3.29e-04	684969.864	34.688	0.421	0.240	22.141	0.835	0.088	684969.864	-15.183	hifi
1	CH3OCH3(22 3 19 1 _ 21 2 20 1)	685340.193	246.2418	1.57e-04	685374.874	34.681	0.633	0.168	33.528	0.700	0.083	685374.874	-15.171	hifi
1	CS, v=0-4(14 0 _ 13 0)	685435.924	246.7940	6.94e-03	685472.877	36.953	1.459	1.236	47.923	11.468	1.151	685472.877	-16.162	hifi
1	E-CH3OH(11 0   0 _ 10 -1   0)	685505.059	158.1505	1.10e-03	685540.379	35.320	0.929	0.979	33.574	8.316	0.834	685540.379	-15.446	hifi
1	H2CS(20 2 19 _ 19 2 18)	685695.773	398.5085	4.93e-03	685731.883	36.110	0.323	0.161	23.205	0.935	0.100	685731.883	-15.788	hifi
1	CH3OCHO(21 16 5 2 _ 20 15 5 2)	685976.362	306.0090	6.16e-04	686012.891	36.529	0.000	0.104	25.782	0.161	0.028	686012.891	-15.964	hifi
1	CH3OCHO(21 16 6 1 _ 20 15 6 1)	686022.333	306.0008	6.16e-04	686057.392	35.059	0.713	0.227	25.014	0.856	0.092	686057.392	-15.321	hifi
1	H2CS(20 5 15 _ 19 5 14)	686074.312	674.4168	4.67e-03	686111.393	37.081	0.000	0.116	24.635	0.190	0.027	686111.393	-16.203	hifi
1	E-CH3OH(27 -3   0 _ 27 -2   0)	686217.856	931.0517	1.33e-03	686254.897	37.041	0.559	0.166	26.157	0.484	0.058	686254.897	-16.182	hifi
1	E-CH3OH(7 2   0 _ 6 -1   0)	686467.135	79.3595	7.50e-07	686504.403	37.268	0.529	0.094	25.473	0.168	0.027	686504.403	-16.276	hifi
1	H2CS(20 3 18 _ 19 3 17)	686671.752	464.5290	4.89e-03	686707.408	35.656	-0.238	0.189	32.765	0.811	0.094	686707.408	-15.567	hifi
1	A-CH3OH(9 3 + 0 _ 8 2 + 0)	686731.501	154.2498	1.34e-03	686768.410	36.909	0.507	1.238	37.380	7.197	0.722	686768.410	-16.112	hifi
1	H2CS(20 3 17 _ 19 3 16)	686809.874	464.5544	4.89e-03	686845.912	36.038	0.450	0.192	29.966	1.021	0.113	686845.912	-15.730	hifi
1	CH3OCH3(10 9 2 3 _ 9 8 1 3)	687035.314	163.8765	2.05e-03	687073.417	38.103	0.243	0.571	37.695	4.558	0.462	687073.417	-16.627	hifi
1	A-CH3OH(9 3 - 0 _ 8 2 - 0)	687224.595	154.2505	1.34e-03	687260.922	36.327	0.185	1.229	77.696	7.185	0.729	687260.922	-15.847	hifi
1	p-H2S(2 0 2 _ 1 1 1)	687303.468	54.6972	9.32e-04	687335.424	31.956	-0.266	1.788	80.777	9.977	1.005	687335.424	-13.939	hifi
1	SO, v=0(16 15 _ 15 14)	687457.694	287.1458	4.30e-03	687490.928	33.234	-0.927	0.399	28.139	2.377	0.242	687490.928	-14.493	hifi
1	CH3OCHO(28 13 15 0 _ 27 12 16 0)	688159.860	351.8617	3.97e-04	688196.946	37.086	-1.411	0.148	27.420	0.633	0.067	688196.946	-16.156	hifi
1	CH3OCH3, v=0(37 3 35 0 _ 36 2 34 0)	688183.192	646.7771	2.00e-03	688218.946	35.754	0.000	0.129	25.480	0.219	0.024	688218.946	-15.576	hifi
1	SO, v=0(16 16 _ 15 15)	688204.630	293.9685	4.32e-03	688239.947	35.317	0.120	0.406	26.049	2.281	0.232	688239.947	-15.385	hifi
1	HCN-15, v=0(8 _ 7)	688273.788	148.6612	1.59e-02	688306.949	33.161	-0.107	0.217	20.932	1.459	0.150	688306.949	-14.444	hifi
1	C2H5OH(11 10 1 2 _ 10 9 2 2)	688408.247	180.7853	3.37e-03	688446.452	38.205	0.737	0.160	24.867	0.593	0.067	688446.452	-16.638	hifi
1	*C-13-H3OH, vt=0,1(11 1 10 0 _ 10 0 10 0)	688611.746	170.5768	8.82e-04	688646.957	35.211	-0.013	0.332	28.486	1.590	0.164	688646.957	-15.330	hifi
1	C2H5OH(20 7 14 2 _ 19 6 13 2)	688539.575	238.0203	1.74e-03	688573.955	34.380	-0.959	0.089	26.864	0.163	0.032	688573.955	-14.969	hifi
1	C2H5OH(20 7 13 2 _ 19 6 14 2)	688561.979	238.0204	1.74e-03	688600.956	38.977	-0.015	0.097	28.169	0.155	0.027	688600.956	-16.970	hifi
1	SO, v=0(16 17 _ 15 16)	688735.700	285.6573	4.35e-03	688770.960	35.260	-0.091	0.471	27.459	2.776	0.281	688770.960	-15.348	hifi
1	C2H5OH(14 9 5 2 _ 13 8 6 2)	688823.126	189.7548	2.53e-03	688858.963	35.837	0.023	0.128	24.673	0.398	0.049	688858.963	-15.597	hifi
1	CH3OCHO(19 17 2 2 _ 18 16 2 2)	688951.757	303.7144	7.30e-04	688988.966	37.209	0.000	0.098	21.645	0.162	0.023	688988.966	-16.191	hifi
1	C2H5OH(17 8 10 2 _ 16 7 9 2)	689012.408	208.8144	2.05e-03	689042.967	30.559	0.022	0.198	22.457	1.351	0.141	689042.967	-13.297	hifi
1	E-CH3OH(23 -2   0 _ 22 3   0)	689205.784	660.2189	9.85e-05	689239.472	33.688	-0.397	0.146	24.952	0.652	0.074	689239.472	-14.654	hifi
1	SO2, v=0(12 5 7 _ 11 4 8)	689438.724	133.0420	2.22e-03	689475.478	36.754	0.685	0.204	24.262	0.949	0.101	689475.478	-15.982	hifi
1	H2CS(20 2 18 _ 19 2 17)	689527.212	399.5355	5.01e-03	689563.481	36.269	0.000	0.111	22.778	0.260	0.032	689563.481	-15.769	hifi
1	*C-13-H3OH, vt=0,1(19 0 19 0 _ 18 1 17 0)	690016.111	441.4723	8.28e-04	690048.493	32.382	-0.823	0.120	24.695	0.284	0.038	690048.493	-14.069	hifi
1	HC-13-N, v=0(8 _ 7)	690552.079	149.1532	1.61e-02	690587.007	34.928	0.688	0.428	29.592	3.429	0.348	690587.007	-15.163	hifi
1	*C-13-H3OH, vt=0,1(14 2 12 0 _ 13 1 12 0)	690629.327	260.3478	9.03e-04	690664.008	34.681	-0.627	0.319	23.437	1.535	0.157	690664.008	-15.055	hifi
1	CO, v=0(6 _ 5)	691473.076	116.1615	2.14e-05	691512.530	39.454	0.111	23.601	361.313	369.556	36.986	691512.530	-17.106	hifi
1	CH3OCH3, v=0(38 2 37 0 _ 37 1 36 0)	691842.715	662.1448	2.55e-03	691878.039	35.324	-0.092	0.225	33.243	0.678	0.078	691878.039	-15.307	hifi
1	C-13-S, v=0,1(15 0 _ 14 0)	693233.747	266.2488	7.19e-03	693269.074	35.327	0.426	0.348	28.290	1.697	0.175	693269.074	-15.278	hifi
1	CH3CHO(36 9 27 0 _ 35 9 26 0)	693782.229	798.3392	1.09e-02	693819.588	37.359	0.186	0.103	27.282	0.125	0.020	693819.588	-16.144	hifi
1	HC-13-O+(8 _ 7)	693876.261	149.8703	2.78e-02	693910.091	33.830	-0.024	0.144	26.415	0.537	0.064	693910.091	-14.616	hifi
1	Ethylene oxide(14 13 1 _ 13 12 2)	694280.804	244.7078	5.31e-03	694315.601	34.797	0.000	0.149	22.150	0.493	0.054	694315.601	-15.025	hifi
1	SO2, v=0(39 1 39 _ 38 0 38)	694494.003	674.6019	4.73e-03	694530.606	36.603	-0.293	0.125	27.042	0.238	0.035	694530.606	-15.801	hifi
1	C2H5OH(42 2 41 0 _ 41 2 40 0)	694596.566	788.7899	3.07e-03	694627.609	31.043	-1.666	0.103	25.269	0.281	0.036	694627.609	-13.398	hifi
1	*C-13-H3OH, vt=0,1(20 2 18 +0 _ 19 3 17 +0)	694611.939	513.5418	7.32e-04	694648.109	36.170	0.000	0.102	25.645	0.197	0.037	694648.109	-15.611	hifi
1	Ga-n-C3H7OH(32 21 12 _ 31 20 12)	694883.373	442.5955	1.17e-03	694918.616	35.243	0.000	0.105	21.163	0.208	0.026	694918.616	-15.205	hifi
1	C2H5OH(13 12 2 0 _ 12 11 2 1)	695003.512	308.3250	2.02e-03	695039.119	35.607	0.437	0.148	28.589	0.350	0.045	695039.119	-15.359	hifi
1	CH3OCHO(24 15 9 2 _ 23 14 9 2)	695124.633	326.1783	5.34e-04	695159.622	34.989	0.201	0.127	24.859	0.218	0.031	695159.622	-15.090	hifi
1	CH3OCHO(24 15 9 0 _ 23 14 10 0)	695157.867	326.1821	5.34e-04	695193.623	35.756	-0.167	0.242	27.720	0.883	0.095	695193.623	-15.420	hifi
1	CH3OCHO(31 12 20 0 _ 30 11 19 0)	695546.999	388.8851	3.47e-04	695583.633	36.634	-0.462	0.146	26.849	0.556	0.067	695583.633	-15.790	hifi
1	SO2, v=0(7 6 2 _ 6 5 1)	695632.581	114.0414	3.86e-03	695667.135	34.554	-0.277	0.172	27.072	0.678	0.076	695667.135	-14.892	hifi
1	H2CS(20 1 19 _ 19 1 18)	695772.012	364.2024	5.19e-03	695808.639	36.627	0.742	0.300	28.645	1.718	0.178	695808.639	-15.782	hifi
1	E-CH3OH(11 -8   0 _ 12 -7   0)	695831.602	466.6655	1.37e-04	695868.140	36.538	-0.046	0.261	22.954	1.037	0.108	695868.140	-15.742	hifi
1	E-CH3OH(16 2   0 _ 15 -2   0)	696079.341	330.2440	2.28e-06	696113.147	33.806	-0.168	0.096	30.217	0.231	0.036	696113.147	-14.560	hifi
1	E-CH3OH(26 -3   0 _ 26 -2   0)	696147.597	868.5509	1.41e-03	696183.648	36.051	-0.162	0.242	27.515	0.992	0.107	696183.648	-15.525	hifi
1	E-CH3OH(15 1   0 _ 14 2   0)	697146.218	291.6953	6.55e-04	697184.174	37.956	0.389	0.649	32.697	3.636	0.367	697184.174	-16.322	hifi
1	*C-13-H3OH, vt=0,1(9 6 4 -0 _ 10 5 5 -0)	697581.299	296.6210	1.89e-04	697615.185	33.886	-0.557	0.140	28.699	0.392	0.051	697615.185	-14.563	hifi
1	CH3OCH3, v=0(39 1 39 0 _ 38 0 38 0)	697695.745	675.4709	3.09e-03	697731.688	35.943	0.521	0.146	27.716	0.294	0.040	697731.688	-15.444	hifi
1	CH3CN, v=0(38 3 _ 37 3)	698161.186	718.0668	2.99e-02	698197.199	36.013	-0.916	0.139	27.534	0.429	0.054	698197.199	-15.464	hifi
1	CH3CN, v=0(38 2 _ 37 2)	698227.465	682.4074	3.00e-02	698263.201	35.736	-1.330	0.160	28.361	0.720	0.082	698263.201	-15.344	hifi
1	A-CH3OH(3 1 + 1 _ 2 2 + 1)	698353.760	339.1413	1.71e-04	698389.204	35.444	-0.309	0.304	28.632	1.385	0.144	698389.204	-15.216	hifi
1	E-CH3OH(13 5   1 _ 14 4   1)	698495.166	631.9695	2.62e-04	698530.708	35.542	-0.476	0.187	26.950	0.686	0.076	698530.708	-15.254	hifi
1	CH3OCHO(24 15 10 4 _ 23 14 10 4)	698549.484	513.8596	5.38e-04	698586.209	36.725	3.286	0.179	24.352	0.951	0.104	698586.209	-15.761	hifi
1	A-CH3OH(3 1 - 1 _ 2 2 - 1)	698931.136	339.1690	1.72e-04	698966.219	35.083	1.358	0.359	32.783	2.545	0.262	698966.219	-15.048	hifi
1	CH3OCH3(20 6 15 1 _ 19 5 14 1)	699438.725	241.8961	9.57e-04	699473.232	34.507	-1.189	0.508	29.142	4.132	0.418	699473.232	-14.790	hifi
1	CH3OCH3(20 6 14 1 _ 19 5 15 1)	699721.143	241.8969	9.58e-04	699757.239	36.096	0.307	0.399	26.760	1.691	0.173	699757.239	-15.465	hifi
1	HNCO(32 1 32 31 _ 31 1 31 31)	700307.289	598.0218	5.08e-06	700341.254	33.965	-1.116	0.129	27.923	0.412	0.055	700341.254	-14.540	hifi
1	*C-13-H3OH, vt=0,1(15 1 15 +0 _ 14 1 14 +0)	701022.039	283.9104	1.56e-03	701058.272	36.233	-0.068	0.313	24.819	1.264	0.131	701058.272	-15.495	hifi
1	CH3OCHO(20 17 3 2 _ 19 16 3 2)	701226.065	315.4982	7.32e-04	701262.777	36.712	0.538	0.107	29.187	0.440	0.065	701262.777	-15.695	hifi
1	CH3OCHO(20 17 4 1 _ 19 16 4 1)	701279.249	315.4912	7.32e-04	701310.278	31.029	-0.534	0.142	21.447	0.903	0.097	701310.278	-13.265	hifi
1	o-H2CO(10 1 10 _ 9 1 9)	701370.458	182.0952	1.03e-02	701407.281	36.823	0.506	1.074	33.635	8.758	0.878	701407.281	-15.739	hifi
1	CH3OCH3(24 4 20 1 _ 23 3 21 1)	701431.003	297.5030	4.31e-04	701465.782	34.779	-0.139	0.205	25.662	0.644	0.071	701465.782	-14.865	hifi
1	*C-13-H3OH, vt=0,1(18 -1 18 0 _ 17 0 17 0)	702069.887	392.0326	1.78e-03	702104.298	34.411	-0.882	0.255	30.279	1.144	0.122	702104.298	-14.694	hifi
1	SO2, v=0(19 4 16 _ 18 3 15)	702103.778	214.2612	1.57e-03	702138.799	35.021	-0.425	0.160	31.310	0.484	0.059	702138.799	-14.954	hifi
1	E-CH3OH(7 3   1 _ 6 2   1)	702417.440	474.3338	2.84e-04	702452.807	35.367	-0.411	0.324	26.319	1.407	0.145	702452.807	-15.095	hifi
1	o-NH2D(4 2 3 1 _ 3 3 1 0)	702480.474	182.7667	8.53e-05	702519.309	38.835	0.000	0.110	26.140	0.152	0.026	702519.309	-16.573	hifi
1	CH3OCH3(17 7 10 3 _ 16 6 11 3)	702536.517	208.1494	1.20e-03	702573.310	36.793	0.099	0.646	26.206	3.485	0.351	702573.310	-15.701	hifi
1	HNCO(32 2 31 32 _ 31 2 30 32)	702719.305	729.7585	4.96e-06	702758.815	39.510	0.747	0.135	22.799	0.477	0.056	702758.815	-16.856	hifi
1	HNCO(32 2 30 31 _ 31 2 29 31)	702830.708	729.8046	5.13e-06	702865.818	35.110	0.000	0.115	22.545	0.126	0.020	702865.818	-14.976	hifi
1	*C-13-H3OH, vt=0,1(15 0 15 0 _ 14 0 14 0)	703889.646	284.0940	1.58e-03	703924.345	34.699	-0.526	0.275	26.771	1.288	0.134	703924.345	-14.778	hifi
1	CH3OCHO(27 14 14 0 _ 26 13 13 0)	703977.980	353.0880	4.69e-04	704014.347	36.367	-0.270	0.139	35.422	0.574	0.075	704014.347	-15.487	hifi
1	*C-13-H3OH, vt=0,1(20 0 20 +0 _ 19 1 19 +0)	704189.878	474.6217	2.24e-03	704227.852	37.974	0.247	0.262	30.982	1.124	0.118	704227.852	-16.167	hifi
1	A-CH3OH(20 2 - 0 _ 19 3 - 0)	704288.957	524.4576	7.39e-04	704326.355	37.398	0.238	0.347	41.473	1.637	0.174	704326.355	-15.919	hifi
1	CH3OCH3(14 8 7 3 _ 13 7 6 3)	704426.601	185.5033	1.52e-03	704465.858	39.257	0.376	0.653	41.792	3.974	0.403	704465.858	-16.707	hifi
1	*C-13-H3OH, vt=0,1(15 1 15 +1 _ 14 1 14 +1)	704664.738	596.0828	1.59e-03	704700.864	36.126	0.172	0.105	20.861	0.189	0.027	704700.864	-15.370	hifi
1	E-CH3OH(26 -1   0 _ 25 -2   0)	704998.817	808.3321	1.34e-04	705035.373	36.556	-0.153	0.120	27.139	0.251	0.036	705035.373	-15.545	hifi
1	E-CH3OH(14 2   0 _ 13 1   0)	705182.345	258.2362	9.54e-04	705220.877	38.532	0.655	0.772	31.388	4.348	0.438	705220.877	-16.381	hifi
1	A-CH3OH(14 9 + 1 _ 13 8 + 1)	705336.896	926.7681	2.09e-03	705370.881	33.985	0.657	0.316	29.929	1.443	0.150	705370.881	-14.445	hifi
1	*C-13-H3OH, vt=0,1(15 2 13 +1 _ 14 2 12 +1)	705374.516	569.8618	1.57e-03	705410.882	36.366	0.118	0.148	33.774	0.290	0.036	705410.882	-15.456	hifi
1	E-CH3OH(25 -3   0 _ 25 -2   0)	705447.337	808.3536	1.50e-03	705483.384	36.047	0.450	0.214	43.586	0.782	0.090	705483.384	-15.319	hifi
1	SO2, v=0(18 4 14 _ 17 3 15)	705672.133	196.8015	1.60e-03	705709.890	37.757	0.389	0.146	30.770	0.346	0.047	705709.890	-16.040	hifi
1	*C-13-H3OH, vt=0,1(15 -1 15 0 _ 14 -1 14 0)	705724.979	276.9810	1.59e-03	705761.891	36.912	-0.221	0.307	35.707	1.367	0.146	705761.891	-15.680	hifi
1	E-CH3OH(15 7   0 _ 16 6   0)	706082.542	520.2431	3.65e-04	706119.400	36.858	-0.114	0.253	38.584	1.244	0.136	706119.400	-15.649	hifi
1	*C-13-H3OH, vt=0,1(15 0 15 +0 _ 14 0 14 +0)	706256.332	271.4887	1.60e-03	706292.405	36.073	-0.448	0.294	31.793	1.268	0.134	706292.405	-15.312	hifi
1	C2H5OH(15 9 6 2 _ 14 8 7 2)	706301.851	202.3598	2.60e-03	706336.406	34.555	-0.636	0.152	23.978	0.445	0.051	706336.406	-14.667	hifi
1	C2H5OH(18 8 11 2 _ 17 7 10 2)	706420.692	223.9507	2.14e-03	706456.909	36.217	0.000	0.103	31.733	0.288	0.043	706456.909	-15.370	hifi
1	Ethylene oxide(14 14 0 _ 13 13 1)	706631.040	252.5746	6.53e-03	706666.914	35.874	-0.169	0.164	35.100	0.416	0.052	706666.914	-15.220	hifi
1	*C-13-H3OH, vt=0,1(15 2 14 -0 _ 14 2 13 -0)	706923.442	309.4401	1.59e-03	706957.421	33.979	-0.734	0.256	27.488	0.980	0.104	706957.421	-14.410	hifi
1	*C-13-H3OH, vt=0,1(15 7 8 -0 _ 14 7 7 -0)	707011.840	517.6633	1.25e-03	707047.424	35.584	0.102	0.172	33.228	0.690	0.081	707047.424	-15.088	hifi
1	*C-13-H3OH, vt=0,1(15 7 9 0 _ 14 7 8 0)	707114.449	522.7947	1.26e-03	707149.926	35.477	3.040	0.137	43.412	0.629	0.089	707149.926	-15.041	hifi
1	*C-13-H3OH, vt=0,1(15 6 9 +0 _ 14 6 8 +0)	707173.337	466.3638	1.35e-03	707208.428	35.091	-0.267	0.240	43.935	1.011	0.118	707208.428	-14.876	hifi
1	*C-13-H3OH, vt=0,1(15 -6 9 0 _ 14 -6 8 0)	707255.899	461.6241	1.35e-03	707288.430	32.531	0.675	0.252	35.651	1.389	0.149	707288.430	-13.789	hifi
1	*C-13-H3OH, vt=0,1(15 -4 12 0 _ 14 -4 11 0)	707342.923	360.0496	1.49e-03	707379.432	36.509	0.000	0.162	36.707	0.544	0.059	707379.432	-15.474	hifi
1	*C-13-H3OH, vt=0,1(15 5 11 +0 _ 14 5 10 +0)	707368.092	410.2804	1.44e-03	707402.433	34.341	0.000	0.252	36.289	1.395	0.151	707402.433	-14.554	hifi
1	*C-13-H3OH, vt=0,1(15 4 11 0 _ 14 4 10 0)	707443.637	368.1548	1.50e-03	707478.935	35.298	-0.937	0.185	38.764	0.528	0.071	707478.935	-14.958	hifi
1	*C-13-H3OH, vt=0,1(15 -3 13 0 _ 14 -3 12 0)	707478.304	334.6858	1.56e-03	707514.436	36.132	-0.643	0.258	41.554	1.331	0.147	707514.436	-15.311	hifi
1	*C-13-H3OH, vt=0,1(15 3 13 +0 _ 14 3 12 +0)	707518.662	321.7948	1.54e-03	707555.937	37.275	0.473	0.240	40.472	0.884	0.102	707555.937	-15.794	hifi
1	*C-13-H3OH, vt=0,1(15 4 11 +0 _ 14 4 10 +0)	707609.667	352.5375	1.50e-03	707645.439	35.772	-0.853	0.332	34.931	2.128	0.221	707645.439	-15.155	hifi
1	*C-13-H3OH, vt=0,1(15 1 14 0 _ 14 1 13 0)	707812.226	292.8805	1.63e-03	707848.444	36.218	0.026	0.255	28.982	1.084	0.116	707848.444	-15.340	hifi
1	Ethylene oxide(14 9 5 _ 13 8 6)	707865.276	223.0540	9.89e-04	707901.445	36.169	0.229	0.113	27.673	0.222	0.034	707901.445	-15.318	hifi
1	*C-13-H3OH, vt=0,1(15 3 12 0 _ 14 3 11 0)	708010.488	319.7983	1.55e-03	708046.949	36.461	-0.076	0.257	27.729	1.102	0.117	708046.949	-15.439	hifi
1	*C-13-H3OH, vt=0,1(15 2 13 +0 _ 14 2 12 +0)	708055.354	309.6714	1.60e-03	708090.950	35.596	-0.475	0.284	36.716	1.152	0.126	708090.950	-15.072	hifi
1	SO2, v=0(13 5 9 _ 12 4 8)	708392.542	144.9987	2.30e-03	708428.959	36.417	0.218	0.195	28.741	0.876	0.096	708428.959	-15.412	hifi
1	o-H2S(3 1 2 _ 3 0 3)	708470.740	116.9882	5.93e-04	708505.961	35.221	0.458	0.902	52.188	6.540	0.661	708505.961	-14.904	hifi
1	*C-13-H3OH, vt=0,1(15 2 13 0 _ 14 2 12 0)	708500.249	294.3509	1.58e-03	708534.961	34.712	-1.072	0.249	48.271	0.948	0.114	708534.961	-14.688	hifi
1	*C-13-H3OH, vt=0,1(6 -2 5 0 _ 5 -1 5 0)	708546.213	73.5849	1.42e-03	708583.963	37.750	0.119	0.353	28.470	1.518	0.156	708583.963	-15.972	hifi
1	H2CS(21 1 21 _ 20 1 20)	708657.576	387.7117	5.49e-03	708693.466	35.890	-0.257	0.262	39.553	1.162	0.129	708693.466	-15.183	hifi
1	E-CH3OH(19 0   0 _ 18 1   0)	708811.309	444.0433	8.89e-04	708849.969	38.660	-0.295	0.485	54.300	2.717	0.275	708849.969	-16.351	hifi
1	HCN, v=0(8 _ 7)	708877.005	153.1117	1.74e-02	708909.471	32.466	0.884	1.380	50.729	18.380	1.842	708909.471	-13.730	hifi
1	*C-13-H3OH, vt=0,1(15 -2 14 0 _ 14 -2 13 0)	709201.735	298.0822	1.60e-03	709238.979	37.244	1.063	0.260	31.141	1.414	0.151	709238.979	-15.744	hifi
1	E-CH3OH(23 -1   0 _ 22 2   0)	710320.467	635.7527	1.39e-04	710357.008	36.541	-0.258	0.222	27.644	0.669	0.073	710357.008	-15.422	hifi
1	*C-13-H3OH, vt=0,1(9 1 9 +0 _ 8 0 8 +0)	710385.894	115.6197	2.23e-03	710425.509	39.615	0.927	0.441	29.456	2.121	0.216	710425.509	-16.718	hifi
1	CH3OCHO(23 16 7 2 _ 22 15 7 2)	710482.337	332.5433	6.29e-04	710518.012	35.675	0.077	0.106	25.888	0.160	0.025	710518.012	-15.053	hifi
1	CH3OCHO(23 16 8 0 _ 22 15 7 0)	710517.812	332.5492	6.29e-04	710555.013	37.201	-0.855	0.146	24.725	0.679	0.076	710555.013	-15.696	hifi
1	E-CH3OH(15 -7   0 _ 16 -6   0)	710713.994	530.6491	3.47e-04	710749.518	35.524	-0.538	0.365	30.714	1.691	0.175	710749.518	-14.985	hifi
1	SO2, v=0(40 0 40 _ 39 1 39)	712010.554	708.7733	5.11e-03	712046.050	35.496	-0.033	0.102	30.294	0.153	0.023	712046.050	-14.946	hifi
1	E-CH3OH(26 2   0 _ 25 3   0)	712553.521	828.4838	4.28e-04	712593.064	39.543	0.374	0.186	25.992	0.574	0.065	712593.064	-16.637	hifi
1	E-CH3OH(17 1   0 _ 16 -2   0)	712716.214	368.2668	4.54e-05	712752.068	35.854	-0.717	0.359	34.294	1.552	0.163	712752.068	-15.082	hifi
1	E-CH3OH(7 -5   1 _ 8 -6   1)	712749.143	603.0691	2.18e-03	712786.069	36.926	0.282	0.372	40.497	1.930	0.203	712786.069	-15.532	hifi
1	*C-13-H3OH, vt=0,1(15 1 14 -0 _ 14 1 13 -0)	712808.013	288.4658	1.64e-03	712844.571	36.558	-0.695	0.331	31.479	1.316	0.139	712844.571	-15.375	hifi
1	SO2, v=0(39 2 38 _ 38 1 37)	712825.672	705.4345	4.23e-03	712863.571	37.899	0.000	0.127	28.934	0.241	0.027	712863.571	-15.939	hifi
1	CH3OCH3, v=0(25 5 21 0 _ 24 4 20 0)	713084.189	331.7249	9.66e-04	713120.078	35.889	-0.128	0.227	41.954	0.801	0.096	713120.078	-15.088	hifi
1	HCO+, v=0(8 _ 7)	713341.228	154.0750	3.02e-02	713375.084	33.856	-0.649	2.376	49.734	15.714	1.574	713375.084	-14.229	hifi
1	E-CH3OH(21 8   0 _ 22 7   0)	713465.577	862.6557	4.36e-04	713504.087	38.510	0.140	0.123	31.136	0.289	0.045	713504.087	-16.182	hifi
1	CH3OCHO(21 17 4 2 _ 20 16 4 2)	713496.532	327.8734	7.35e-04	713534.088	37.556	0.370	0.115	29.450	0.165	0.031	713534.088	-15.780	hifi
1	CH3OCHO(21 17 4 0 _ 20 16 5 0)	713536.914	327.8826	7.36e-04	713573.589	36.675	-2.200	0.150	25.168	0.719	0.081	713573.589	-15.409	hifi
1	E-CH3OH(16 9   0 _ 17 8   0)	713654.954	716.2333	2.58e-04	713690.592	35.638	-1.360	0.157	32.490	0.501	0.068	713690.592	-14.971	hifi
1	E-CH3OH(6 -2   0 _ 5 -1   0)	713982.466	66.7598	1.45e-03	714021.601	39.135	1.025	0.975	48.076	6.179	0.623	714021.601	-16.432	hifi
1	E-CH3OH(24 -3   0 _ 24 -2   0)	714073.139	750.4592	1.59e-03	714108.603	35.464	-0.923	0.236	38.557	0.897	0.102	714108.603	-14.889	hifi
1	NS, v=0(15 -1 15.5 15.5 _ 14 1 14.5 14.5)	714504.159	282.1069	6.70e-03	714538.614	34.455	1.104	0.191	31.018	0.974	0.106	714538.614	-14.457	hifi
1	SO2, v=0(8 6 2 _ 7 5 3)	714779.583	121.3901	3.76e-03	714813.121	33.538	-0.916	0.197	39.253	0.893	0.105	714813.121	-14.066	hifi
1	CH3OCH3, v=0(40 1 40 0 _ 39 0 39 0)	715360.626	709.8033	3.33e-03	715398.635	38.009	0.370	0.133	31.612	0.274	0.039	715398.635	-15.929	hifi
1	A-CH3OH(9 5 - 0 _ 10 4 - 0)	715556.954	242.3348	3.25e-04	715597.141	40.187	0.064	0.669	38.086	4.629	0.468	715597.141	-16.837	hifi
1	E-CH3OH(5 4   0 _ 6 3   0)	715897.830	122.9200	1.85e-04	715936.649	38.819	0.422	0.579	45.577	2.807	0.288	715936.649	-16.256	hifi
1	CH3OCHO(28 14 14 2 _ 27 13 14 2)	716070.942	369.6466	4.78e-04	716107.153	36.211	-0.083	0.162	32.233	0.231	0.028	716107.153	-15.160	hifi
1	CH3OCHO(28 14 15 1 _ 27 13 15 1)	716096.538	369.6435	4.79e-04	716131.154	34.616	0.000	0.167	30.376	0.272	0.033	716131.154	-14.492	hifi
1	H2CS(21 0 21 _ 20 0 20)	716255.188	379.3959	5.68e-03	716289.158	33.970	-1.429	0.182	36.356	0.651	0.078	716289.158	-14.218	hifi
1	*C-13-H3OH, vt=0,1(5 2 4 -0 _ 4 1 3 -0)	716365.064	71.7818	1.49e-03	716400.661	35.597	-0.791	0.432	39.133	1.929	0.201	716400.661	-14.897	hifi
1	CH3OCHO(19 18 2 0 _ 18 17 1 0)	716471.856	326.9185	8.71e-04	716508.664	36.808	-0.607	0.207	40.937	0.418	0.055	716508.664	-15.401	hifi
1	CH3CN, v=0(39 3 _ 38 3)	716488.207	752.4531	3.23e-02	716526.164	37.957	-0.193	0.180	35.794	0.317	0.039	716526.164	-15.882	hifi
1	p-H2CO(10 0 10 _ 9 0 9)	716938.367	190.5836	1.11e-02	716978.176	39.809	0.696	0.596	29.698	3.208	0.324	716978.176	-16.646	hifi
1	Ethylene oxide(15 11 4 _ 14 10 5)	717214.056	260.1952	2.73e-03	717250.182	36.126	0.099	0.186	32.856	0.252	0.037	717250.182	-15.101	hifi
1	C2H5OH(13 8 5 1 _ 12 7 5 0)	717256.936	215.8760	1.56e-03	717290.683	33.747	-0.229	0.136	34.746	0.203	0.031	717290.683	-14.105	hifi
1	H2C(CN)2(18 18 1 _ 17 17 0)	717678.142	323.2991	2.84e-02	717715.694	37.552	0.601	0.168	39.170	0.483	0.064	717715.694	-15.687	hifi
1	CH3OCH3(21 6 16 1 _ 20 5 15 1)	717838.937	261.0534	1.01e-03	717877.198	38.261	0.831	0.418	35.733	1.652	0.172	717877.198	-15.979	hifi
1	*C-13-H3OH, vt=0,1(12 0 12 0 _ 11 -1 11 0)	718090.237	189.4441	1.32e-03	718128.705	38.468	0.385	0.279	31.176	1.409	0.148	718128.705	-16.060	hifi
1	A-CH3OH(15 1 + 0 _ 14 1 + 0)	718158.759	290.4865	1.68e-03	718196.206	37.447	-0.166	0.679	40.163	4.254	0.431	718196.206	-15.632	hifi
1	*C-13-H3OH, vt=0,1(4 -4 1 0 _ 3 -3 1 0)	718209.190	111.0026	3.06e-03	718245.708	36.518	-0.578	0.483	33.673	2.389	0.244	718245.708	-15.243	hifi
1	CH3OCH3(21 6 15 1 _ 20 5 16 1)	718306.467	261.0549	1.01e-03	718342.710	36.243	-0.314	0.362	44.779	1.519	0.164	718342.710	-15.126	hifi
1	E-CH3OH(4 -4   0 _ 3 -3   0)	718436.221	103.2196	3.05e-03	718473.713	37.492	-0.005	1.327	45.037	8.250	0.828	718473.713	-15.645	hifi
1	CH3OCH3(24 5 19 1 _ 23 4 20 1)	719558.667	308.9743	7.81e-04	719595.242	36.575	0.248	0.274	41.544	0.891	0.103	719595.242	-15.238	hifi
1	A-CH3OH(17 8 - 0 _ 18 7 - 0)	719637.819	675.7163	3.76e-04	719677.244	39.425	0.000	0.261	51.399	1.159	0.118	719677.244	-16.424	hifi
1	A-CH3OH(9 1 + 0 _ 8 0 + 0)	719664.882	118.0779	1.16e-03	719702.245	37.363	-0.099	1.050	55.387	6.532	0.659	719702.245	-15.564	hifi
1	E-CH3OH(11 0   1 _ 10 1   1)	720069.343	445.4541	8.71e-04	720109.255	39.912	0.926	0.467	52.306	2.129	0.225	720109.255	-16.617	hifi
1	A-CH3OH(5 2 - 0 _ 4 1 - 0)	720441.442	72.5300	1.50e-03	720480.764	39.322	0.814	1.085	57.321	6.364	0.642	720480.764	-16.363	hifi
1	E-CH3OH(15 0   0 _ 14 0   0)	721010.702	282.8453	1.70e-03	721048.279	37.577	-0.124	0.720	41.553	3.900	0.395	721048.279	-15.624	hifi
1	E-CH3OH(6 3   0 _ 6 0   0)	721151.495	88.5620	1.09e-06	721188.782	37.287	-0.148	0.187	30.448	0.563	0.065	721188.782	-15.501	hifi
1	CH3OCH3(18 7 12 0 _ 17 6 11 0)	721353.811	224.5454	1.25e-03	721392.787	38.976	0.310	0.551	41.348	2.877	0.294	721392.787	-16.198	hifi
1	A-CH3OH(15 6 + 1 _ 14 6 + 1)	721541.041	745.6178	1.45e-03	721577.792	36.751	4.036	0.271	31.367	2.208	0.234	721577.792	-15.270	hifi
1	E-CH3OH(7 3   0 _ 7 0   0)	721610.224	104.8107	2.04e-06	721648.294	38.070	0.145	0.156	41.344	0.343	0.052	721648.294	-15.816	hifi
1	A-CH3OH(20 2 + 0 _ 19 3 + 0)	721793.017	525.2315	7.95e-04	721833.799	40.782	1.472	0.321	38.738	1.717	0.182	721833.799	-16.938	hifi
1	E-CH3OH(15 -6   2 _ 14 -6   2)	721899.915	1137.2553	1.42e-03	721937.301	37.386	0.000	0.172	43.165	0.402	0.060	721937.301	-15.526	hifi
1	E-CH3OH(23 -3   0 _ 23 -2   0)	721986.938	694.8700	1.68e-03	722022.303	35.365	0.064	0.298	48.457	1.548	0.171	722022.303	-14.685	hifi
1	A-CH3OH(15 1 + 1 _ 14 1 + 1)	722039.147	602.6531	1.71e-03	722075.305	36.158	-0.797	0.404	46.410	1.497	0.161	722075.305	-15.013	hifi
1	E-CH3OH(15 -5   2 _ 14 -5   2)	722107.289	902.8027	1.53e-03	722145.306	38.017	0.430	0.225	57.952	0.537	0.075	722145.306	-15.783	hifi
1	E-CH3OH(15 -7   1 _ 14 -7   1)	722130.313	793.0139	1.37e-03	722167.307	36.994	-0.073	0.295	58.209	0.762	0.101	722167.307	-15.358	hifi
1	HNCO(33 1 33 32 _ 32 1 32 32)	722160.644	632.6804	5.24e-06	722197.308	36.664	0.465	0.215	56.148	0.284	0.050	722197.308	-15.220	hifi
1	A-CH3OH(15 3 - 2 _ 14 3 - 2)	722204.260	935.4953	1.66e-03	722240.809	36.549	-0.215	0.240	40.605	0.886	0.102	722240.809	-15.172	hifi
1	A-CH3OH(15 4 - 2 _ 14 4 - 2)	722236.847	891.9173	1.58e-03	722272.810	35.963	-0.207	0.236	41.884	1.016	0.116	722272.810	-14.928	hifi
1	E-CH3OH(15 3   2 _ 14 3   2)	722277.619	890.9739	1.64e-03	722315.311	37.692	0.813	0.304	46.503	0.880	0.102	722315.311	-15.645	hifi
1	E-CH3OH(15 7   1 _ 14 7   1)	722317.486	850.7731	1.29e-03	722355.812	38.326	0.352	0.404	41.579	1.762	0.185	722355.812	-15.907	hifi
1	E-CH3OH(15 -1   2 _ 14 -1   2)	722338.441	801.5819	1.71e-03	722374.812	36.371	0.000	0.218	40.468	0.709	0.075	722374.812	-15.095	hifi
1	E-CH3OH(15 -2   1 _ 14 -2   1)	722545.727	634.3380	1.69e-03	722582.318	36.591	0.000	0.368	46.826	1.418	0.149	722582.318	-15.182	hifi
1	A-CH3OH(15 7 + 1 _ 14 7 + 1)	722702.683	907.4656	1.35e-03	722739.822	37.139	-0.684	0.449	46.568	1.878	0.198	722739.822	-15.406	hifi
1	E-CH3OH(15 4   1 _ 14 4   1)	722742.961	633.1332	1.59e-03	722779.823	36.862	-0.943	0.384	45.408	1.823	0.194	722779.823	-15.290	hifi
1	A-CH3OH(15 2 + 1 _ 14 2 + 1)	722789.524	576.3477	1.68e-03	722828.324	38.800	0.000	0.422	45.821	3.831	0.388	722828.324	-16.093	hifi
1	E-CH3OH(15 0   1 _ 14 0   1)	722823.969	570.3655	1.72e-03	722859.825	35.856	0.000	0.378	45.453	1.639	0.166	722859.825	-14.871	hifi
1	E-CH3OH(15 1   1 _ 14 1   1)	722849.291	561.2649	1.71e-03	722888.825	39.534	0.000	0.416	45.035	2.101	0.213	722888.825	-16.396	hifi
1	A-CH3OH(15 2 - 1 _ 14 2 - 1)	722888.917	576.3683	1.68e-03	722926.326	37.409	-0.390	0.444	48.495	1.946	0.205	722926.326	-15.514	hifi
1	E-CH3OH(15 -1   0 _ 14 -1   0)	723040.380	275.7372	1.71e-03	723078.330	37.950	0.052	0.754	37.993	4.560	0.460	723078.330	-15.735	hifi
1	A-CH3OH(15 3 - 1 _ 14 3 - 1)	723194.749	673.8640	1.65e-03	723232.834	38.085	-1.064	0.419	40.189	3.130	0.321	723232.834	-15.788	hifi
1	E-CH3OH(15 -1   1 _ 14 -1   1)	723252.061	683.2635	1.71e-03	723291.336	39.275	0.000	0.346	42.745	1.493	0.154	723291.336	-16.280	hifi
1	E-CH3OH(18 -1   0 _ 17 0   0)	723279.929	393.6045	1.98e-03	723319.336	39.407	0.556	0.602	44.291	2.985	0.306	723319.336	-16.334	hifi
1	CH3OCH3(15 8 7 3 _ 14 7 8 3)	723346.423	199.1561	1.57e-03	723383.338	36.915	0.606	0.644	41.998	5.133	0.519	723383.338	-15.299	hifi
1	E-CH3OH(15 8   1 _ 14 8   1)	723401.689	865.0217	1.31e-03	723440.839	39.150	-0.147	0.185	42.982	0.794	0.097	723440.839	-16.225	hifi
1	A-CH3OH(15 1 - 1 _ 14 1 - 1)	723461.575	603.2034	1.72e-03	723502.341	40.766	1.842	0.341	40.046	2.103	0.221	723502.341	-16.893	hifi
1	A-CH3OH(15 0 + 0 _ 14 0 + 0)	723619.268	278.1808	1.72e-03	723656.845	37.577	-0.137	0.777	53.989	4.327	0.441	723656.845	-15.568	hifi
1	E-CH3OH(15 10   0 _ 14 10   0)	724027.147	765.8643	9.64e-04	724066.855	39.708	0.830	0.200	51.841	0.419	0.069	724066.855	-16.442	hifi
1	A-CH3OH(15 10 + 0 _ 14 10 + 0)	724069.917	784.5290	9.60e-04	724107.856	37.939	1.322	0.272	60.611	1.071	0.142	724107.856	-15.708	hifi
1	A-CH3OH(15 4 - 1 _ 14 4 - 1)	724125.520	758.9902	1.62e-03	724161.358	35.838	0.761	0.890	67.221	5.238	0.535	724161.358	-14.837	hifi
1	E-CH3OH(15 9   0 _ 14 9   0)	724202.375	679.1654	1.10e-03	724239.860	37.485	-0.234	0.272	60.904	0.975	0.122	724239.860	-15.517	hifi
1	E-CH3OH(15 -9   0 _ 14 -9   0)	724232.461	673.1369	1.11e-03	724269.360	36.899	0.000	0.407	64.716	1.385	0.165	724269.360	-15.274	hifi
1	E-CH3OH(15 5   1 _ 14 5   1)	724262.292	699.1675	1.54e-03	724295.361	33.069	0.000	0.313	62.514	1.520	0.172	724295.361	-13.688	hifi
1	A-CH3OH(15 2 - 0 _ 14 2 - 0)	724345.398	316.0529	1.71e-03	724383.863	38.465	1.605	0.795	64.529	6.361	0.649	724383.863	-15.920	hifi
1	*C-13-H3OH, vt=0,1(5 2 3 +0 _ 4 1 4 +0)	724382.935	71.7854	1.51e-03	724422.864	39.929	0.559	0.441	64.465	2.023	0.220	724422.864	-16.525	hifi
1	A-CH3OH(15 8 - 0 _ 14 8 - 0)	724423.431	599.2440	1.25e-03	724458.865	35.434	-0.841	0.362	54.497	1.623	0.178	724458.865	-14.664	hifi
1	A-CH3OH(15 7 + 0 _ 14 7 + 0)	724482.269	522.9951	1.35e-03	724521.867	39.598	3.387	0.492	57.145	3.461	0.371	724521.867	-16.386	hifi
1	E-CH3OH(15 -7   0 _ 14 -7   0)	724565.105	530.6492	1.36e-03	724605.869	40.764	1.352	0.421	62.700	1.899	0.209	724605.869	-16.866	hifi
1	E-CH3OH(15 7   0 _ 14 7   0)	724594.460	520.2438	1.36e-03	724634.870	40.410	1.280	0.375	61.306	1.604	0.180	724634.870	-16.719	hifi
1	E-CH3OH(15 6   0 _ 14 6   0)	724648.400	449.2651	1.45e-03	724685.371	36.971	-0.011	0.716	127.005	3.869	0.437	724685.371	-15.295	hifi
1	E-CH3OH(15 5   0 _ 14 5   0)	724719.280	406.5637	1.54e-03	724760.373	41.093	-6.714	0.510	83.452	5.892	0.634	724760.373	-16.999	hifi
1	A-CH3OH(15 5 - 0 _ 14 5 - 0)	724855.229	416.3137	1.55e-03	724893.876	38.647	2.012	0.802	97.978	7.063	0.757	724893.876	-15.984	hifi
1	A-CH3OH(15 3 + 0 _ 14 3 + 0)	725013.109	328.2644	1.66e-03	725050.380	37.271	-0.822	0.794	78.025	3.708	0.386	725050.380	-15.412	hifi
1	H2NCO2CH3(31 20 12 1 31 _ 30 19 12 1 30)	725066.938	329.3957	4.89e-03	725099.881	32.943	0.000	0.248	78.025	0.169	0.018	725099.881	-13.621	hifi
1	A-CH3OH(15 3 - 0 _ 14 3 - 0)	725126.409	328.2799	1.66e-03	725161.383	34.974	-0.027	0.776	79.257	6.460	0.670	725161.383	-14.459	hifi
1	E-CH3OH(15 1   0 _ 14 1   0)	725315.721	291.6947	1.75e-03	725354.388	38.667	0.175	0.941	68.036	3.755	0.388	725354.388	-15.982	hifi
1	E-CH3OH(19 1   1 _ 18 0   1)	725455.292	723.0871	1.11e-03	725493.391	38.099	0.000	0.413	87.418	0.856	0.122	725493.391	-15.744	hifi
1	E-CH3OH(15 3   0 _ 14 3   0)	725565.488	318.3819	1.67e-03	725602.894	37.406	0.000	0.816	86.643	2.137	0.254	725602.894	-15.456	hifi
1	A-CH3OH(15 2 + 0 _ 14 2 + 0)	725593.952	316.3100	1.72e-03	725634.895	40.943	0.826	0.596	93.596	2.592	0.297	725634.895	-16.916	hifi
